# ALA.E 0

# ARG.E 8
0.181763 4.9529 0.7354 -2.2616 0.2168 0.1786 52.2730
0.134197 5.0433 0.7649 -0.9155 0.1733 0.1397 57.9374
0.070843 4.3978 0.4593 -0.2887 0.2868 0.2286 9.8713
0.150288 4.2892 0.4909 -2.6977 0.2312 0.2002 2.6658
0.193300 4.6120 0.6841 -1.5978 0.1860 0.2203 25.6322
0.099484 4.5848 1.0905 -1.1984 0.2099 0.0958 53.0810
0.089768 4.4367 1.1607 -1.9549 0.1691 0.0888 71.7018
0.080356 4.9999 1.4477 -1.5188 0.1787 0.0843 45.5526

# ASN.E 3
0.412205 2.8977 0.7031 -0.7285 0.0281 0.0980 200.0000
0.097772 2.9082 1.5081 -1.5465 0.0273 0.0478 95.6686
0.490023 2.8867 0.7089 -2.4117 0.0275 0.0970 195.9822

# ASP.E 3
0.539141 2.8910 0.6944 -0.7428 0.0259 0.1047 200.0000
0.090909 2.9039 1.4990 -1.5561 0.0277 0.0493 127.4853
0.369949 2.8808 0.6789 -2.4012 0.0266 0.0869 179.0634

# CYS.E 3
0.349488 2.7977 0.7551 -0.7566 0.0297 0.0674 200.0000
0.203016 2.8154 1.5141 -1.5466 0.0281 0.0352 172.3127
0.447496 2.8020 0.7467 -2.3598 0.0289 0.0769 200.0000

# GLN.E 9
0.091100 3.1389 0.4287 -0.3093 0.1128 0.1211 17.9460
0.133667 3.1194 0.3981 -2.8710 0.0925 0.1117 25.4415
0.316350 3.8264 0.7584 -1.1300 0.0348 0.0820 153.4647
0.292970 3.8236 0.7702 -1.9869 0.0346 0.0841 128.0337
0.017897 3.3713 1.0965 -0.7011 0.0938 0.1090 69.2882
0.038052 3.2771 1.0647 -2.4871 0.1212 0.1931 48.6236
0.094324 3.8342 1.2615 -1.5691 0.0314 0.0514 113.1361
0.005643 3.3446 1.5910 -1.1903 0.1090 0.0877 81.7246
0.009997 3.3142 1.5494 -1.9487 0.1457 0.1441 51.3063

# GLU.E 9
0.051949 3.1139 0.3954 -0.2663 0.1039 0.1532 20.5407
0.093130 3.1449 0.3747 -2.8426 0.1003 0.1191 17.9142
0.366637 3.8216 0.7715 -1.1270 0.0453 0.0950 137.7978
0.350085 3.8156 0.7567 -1.9899 0.0536 0.1013 91.2266
0.013760 3.3270 1.0642 -0.6485 0.1099 0.1130 72.5548
0.015655 3.2797 1.1151 -2.4801 0.1054 0.1244 68.3924
0.095224 3.8280 1.2533 -1.5612 0.0416 0.0649 97.7616
0.008077 3.3249 1.5720 -1.1918 0.1168 0.1080 65.5231
0.005484 3.3067 1.6222 -1.9114 0.1252 0.1139 62.6787

# GLY.E 0

# HIS.E 3
0.360742 3.5708 0.7506 -0.5938 0.0417 0.1068 178.1294
0.145907 3.5805 1.6286 -1.5342 0.0384 0.0537 80.4190
0.493351 3.5603 0.7352 -2.5447 0.0361 0.0979 167.4530

# ILE.E 7
0.011221 2.2502 0.6993 -1.0433 0.0491 0.0678 180.4596
0.076906 2.7073 0.8450 -1.2065 0.0332 0.0487 200.0000
0.169867 2.3285 0.4721 -2.0405 0.0493 0.0623 68.7943
0.586827 2.6929 0.6959 -1.8253 0.0310 0.0482 200.0000
0.030562 2.3401 0.8053 -2.0428 0.0519 0.0454 200.0000
0.117092 2.7098 1.1454 -1.6780 0.0364 0.0474 200.0000
0.007526 2.3415 1.2558 -1.5501 0.0473 0.0417 124.1277

# LEU.E 5
0.424429 3.0734 0.6781 -0.9066 0.0386 0.0844 140.7343
0.030002 3.1324 1.3848 -1.5238 0.0421 0.0501 123.7418
0.529958 3.0577 0.6546 -2.2260 0.0449 0.0848 110.0190
0.007326 2.8180 0.6892 -0.6282 0.0361 0.0893 200.0000
0.008285 2.7553 0.6255 -2.5704 0.0305 0.1458 200.0000

# LYS.E 5
0.059232 3.7705 0.5599 -0.2898 0.1586 0.1561 41.7822
0.355086 4.2465 0.7434 -1.0272 0.2174 0.1664 26.5773
0.364277 4.2329 0.7424 -2.1035 0.2221 0.1783 27.5214
0.130821 3.7631 0.5168 -2.8674 0.1631 0.1641 21.2045
0.090584 4.3222 1.2917 -1.5109 0.1509 0.1585 72.3991

# MET.E 8
0.101755 3.2402 0.5071 -0.5455 0.1826 0.2712 15.9785
0.175285 3.1560 0.3888 -2.6029 0.1781 0.1512 14.5387
0.214896 3.6593 0.7826 -1.1787 0.1007 0.1694 62.7563
0.244545 3.6425 0.7898 -1.9618 0.1034 0.2017 42.6966
0.109820 3.6581 1.2549 -1.5090 0.1023 0.1002 15.9865
0.061670 3.9116 0.7684 -0.9875 0.0779 0.1088 91.4477
0.066414 3.9025 0.7546 -2.1312 0.0807 0.1023 71.5441
0.025617 3.9234 1.4130 -1.5510 0.1233 0.0931 74.5616

# PHE.E 3
0.236222 3.8005 0.7730 -0.5580 0.0389 0.1086 200.0000
0.206685 3.8226 1.6388 -1.5429 0.0328 0.0451 97.1311
0.557093 3.7880 0.7221 -2.5843 0.0377 0.0914 163.6143

# PRO.E 2
0.549782 2.2933 1.7559 -2.2595 0.0208 0.0656 200.0000
0.450218 2.2950 1.5157 -2.4888 0.0186 0.0470 200.0000

# SER.E 3
0.339426 2.4286 0.7819 -0.8334 0.0228 0.0787 200.0000
0.387461 2.4289 1.4800 -1.5373 0.0227 0.0324 165.0352
0.273113 2.4292 0.7356 -2.2882 0.0211 0.0633 200.0000

# THR.E 3
0.135288 2.1811 1.0528 -1.2511 0.0239 0.0518 200.0000
0.341619 2.1667 1.0779 -1.8577 0.0244 0.0493 200.0000
0.523092 2.1626 0.6083 -1.5329 0.0221 0.0353 200.0000

# TRP.E 8
0.100873 4.0817 0.4942 -0.3135 0.0965 0.1351 26.3745
0.072151 4.2472 1.0114 -0.6323 0.0942 0.1494 94.9609
0.060892 4.5319 0.7737 -0.9309 0.0486 0.1606 135.7097
0.389246 4.1270 0.4522 -2.7399 0.0960 0.1260 31.7716
0.076517 4.1805 0.9970 -2.5490 0.0657 0.0804 151.3292
0.117877 4.4674 0.6055 -2.2181 0.1089 0.1757 95.3035
0.114660 4.2542 1.6274 -1.3482 0.1146 0.1082 64.4129
0.067785 4.2126 1.6472 -1.8314 0.0955 0.0921 113.5635

# TYR.E 3
0.251570 4.1766 0.7892 -0.5066 0.0540 0.1185 132.6475
0.187727 4.2017 1.6803 -1.5279 0.0470 0.0496 82.8483
0.560704 4.1617 0.7304 -2.6405 0.0500 0.0998 123.5631

# VAL.E 3
0.742921 2.1885 0.6089 -1.5442 0.0208 0.0323 200.0000
0.080034 2.2102 1.0457 -1.2603 0.0238 0.0432 200.0000
0.177045 2.2008 1.0576 -1.8543 0.0222 0.0454 200.0000
