# ALA 0

# ARG 8
0.210215 4.9697 0.7120 -2.2459 0.2143 0.1600 46.6512
0.104757 4.9763 0.7404 -0.9058 0.2153 0.1647 42.1407
0.086643 4.2334 0.5023 -0.2013 0.3161 0.2813 5.1024
0.124027 4.2973 0.4844 -3.0184 0.3640 0.2054 3.7669
0.204804 4.5305 0.6563 -1.5807 0.2316 0.2108 40.2885
0.087407 4.5056 1.1264 -1.1743 0.2195 0.0957 53.0833
0.127063 4.5462 1.0483 -1.9353 0.1687 0.0911 105.9934
0.055084 4.9863 1.4409 -1.5439 0.1807 0.0928 38.5001

# ASN 3
0.299240 2.8973 0.6780 -0.7134 0.0283 0.1062 200.0000
0.140308 2.9127 1.5083 -1.5626 0.0261 0.0465 129.4291
0.560452 2.8890 0.6454 -2.4525 0.0299 0.1032 142.0912

# ASP 3
0.319420 2.8867 0.6891 -0.7264 0.0286 0.1033 200.0000
0.170698 2.9042 1.5084 -1.5724 0.0274 0.0467 143.4730
0.509882 2.8856 0.6381 -2.4267 0.0282 0.0898 154.1104

# CYS 3
0.269339 2.7974 0.7463 -0.7550 0.0313 0.0789 200.0000
0.179889 2.8178 1.5080 -1.5395 0.0275 0.0414 124.3521
0.550772 2.7975 0.6882 -2.3933 0.0275 0.0836 200.0000

# GLN 9
0.108068 3.0952 0.4036 -0.1301 0.0912 0.1073 20.6972
0.197228 3.0786 0.3696 -3.0309 0.1051 0.1177 15.0708
0.181614 3.8285 0.7517 -1.1289 0.0349 0.0850 143.1796
0.380049 3.8252 0.7317 -2.0169 0.0331 0.0775 120.6856
0.018853 3.3295 1.0766 -0.6501 0.0964 0.1037 70.2735
0.040340 3.2814 1.0581 -2.5439 0.1194 0.0999 55.3259
0.052634 3.8351 1.2505 -1.5646 0.0331 0.0576 95.4090
0.006065 3.3347 1.5588 -1.1829 0.0915 0.0790 109.5847
0.015148 3.3494 1.5917 -1.8969 0.0903 0.0991 64.7177

# GLU 9
0.084292 3.1199 0.4171 -0.1911 0.0941 0.1317 20.0009
0.163292 3.0986 0.3356 -3.0210 0.1068 0.1043 11.8059
0.229054 3.8251 0.7575 -1.1227 0.0331 0.0837 154.5625
0.355794 3.8209 0.7252 -2.0184 0.0338 0.0830 102.4269
0.016146 3.3140 1.0653 -0.6360 0.0958 0.0997 96.0822
0.063489 3.2904 1.0711 -2.5289 0.0898 0.1122 76.0155
0.055797 3.8329 1.2417 -1.5621 0.0347 0.0581 90.2747
0.006405 3.3699 1.5253 -1.1800 0.1146 0.1144 64.4707
0.025729 3.3345 1.5937 -1.9123 0.0768 0.0899 71.6360

# GLY 0

# HIS 3
0.330735 3.5589 0.7390 -0.5705 0.0380 0.1097 187.5990
0.126965 3.5730 1.6248 -1.5520 0.0359 0.0548 73.3655
0.542300 3.5522 0.6856 -2.6031 0.0386 0.1103 112.7776

# ILE 7
0.028750 2.2239 0.6392 -1.0157 0.0467 0.0689 152.9182
0.063158 2.7052 0.8279 -1.2036 0.0331 0.0583 200.0000
0.168197 2.3250 0.4346 -2.0164 0.0542 0.0722 49.2618
0.587532 2.6911 0.6676 -1.8222 0.0286 0.0531 200.0000
0.015496 2.3387 0.8023 -2.0447 0.0530 0.0465 200.0000
0.127224 2.7091 1.1337 -1.6794 0.0379 0.0504 200.0000
0.009643 2.3203 1.2498 -1.5998 0.0571 0.0483 90.5776

# LEU 5
0.316162 3.0639 0.6508 -0.8904 0.0404 0.0912 101.6308
0.013319 3.1319 1.3768 -1.5201 0.0426 0.0567 114.3242
0.656615 3.0508 0.5801 -2.2415 0.0430 0.0870 87.4406
0.004672 2.8181 0.7191 -0.6171 0.0349 0.0941 200.0000
0.009231 2.7479 0.5610 -2.6025 0.0314 0.1268 197.5809

# LYS 5
0.058208 3.7739 0.5250 -0.2460 0.1548 0.1587 41.8157
0.281709 4.2390 0.7390 -0.9816 0.2320 0.1762 20.0841
0.433047 4.2528 0.7015 -2.1145 0.2111 0.1677 26.9870
0.153976 3.7515 0.4901 -2.9459 0.1806 0.1681 14.0798
0.073060 4.3038 1.3057 -1.5231 0.1542 0.1464 72.2020

# MET 8
0.100250 3.1980 0.3790 -0.4546 0.1841 0.2040 10.4822
0.258695 3.1187 0.3381 -2.7873 0.1911 0.1699 7.4851
0.143214 3.6350 0.7881 -1.1751 0.1159 0.2004 51.7244
0.268868 3.6479 0.6986 -1.9211 0.1054 0.1861 52.8708
0.083258 3.6656 1.2352 -1.5000 0.0968 0.1007 17.0131
0.036599 3.9160 0.7465 -0.9740 0.0729 0.1114 84.7043
0.094737 3.8938 0.7144 -2.1364 0.0839 0.0990 68.4261
0.014378 3.9325 1.3932 -1.5432 0.1107 0.1014 72.2418

# PHE 3
0.341354 3.7915 0.7757 -0.5390 0.0401 0.1113 183.6616
0.115300 3.8200 1.6376 -1.5514 0.0334 0.0492 70.9744
0.543346 3.7875 0.6766 -2.6309 0.0428 0.1203 89.1338

# PRO 2
0.496202 2.2911 1.7344 -2.2719 0.0193 0.0642 200.0000
0.503798 2.2917 1.4812 -2.5144 0.0173 0.0537 200.0000

# SER 3
0.234877 2.4263 0.7860 -0.8259 0.0233 0.0865 200.0000
0.475236 2.4292 1.4734 -1.5271 0.0249 0.0419 130.1806
0.289887 2.4244 0.7027 -2.3117 0.0234 0.0730 200.0000

# THR 3
0.077071 2.1801 1.0586 -1.2498 0.0198 0.0518 200.0000
0.490568 2.1650 1.0702 -1.8643 0.0216 0.0535 200.0000
0.432362 2.1609 0.5941 -1.5309 0.0193 0.0343 200.0000

# TRP 8
0.155369 4.0556 0.5132 -0.2377 0.1017 0.1537 19.2368
0.125932 4.2092 1.0304 -0.6068 0.0947 0.1242 76.1888
0.054914 4.5259 0.7442 -0.9276 0.0501 0.1632 121.0137
0.320309 4.0754 0.4466 -2.9000 0.1088 0.1549 13.5183
0.048380 4.2025 0.9983 -2.5482 0.0864 0.0902 109.4424
0.137351 4.4980 0.6518 -2.2420 0.0805 0.1663 113.4785
0.107320 4.2202 1.6381 -1.3261 0.1081 0.1036 54.5840
0.050426 4.2092 1.6325 -1.8783 0.0900 0.0911 87.4882

# TYR 3
0.344225 4.1673 0.7901 -0.4886 0.0553 0.1178 127.8535
0.117628 4.2012 1.6731 -1.5425 0.0479 0.0554 60.3747
0.538148 4.1609 0.6931 -2.6888 0.0569 0.1245 69.9970

# VAL 3
0.732789 2.1887 0.5945 -1.5224 0.0192 0.0351 200.0000
0.074316 2.2074 1.0260 -1.2492 0.0194 0.0490 200.0000
0.192896 2.1996 1.0444 -1.8599 0.0190 0.0459 200.0000

