# ALA.H 0

# ARG.H 8
0.218943 4.9746 0.7057 -2.2396 0.2219 0.1545 50.0494
0.107855 4.9450 0.7428 -0.8940 0.2258 0.1749 38.1198
0.099434 4.2240 0.5408 -0.1257 0.3109 0.2846 6.1942
0.100668 4.2478 0.4558 -3.1031 0.4385 0.2094 2.4023
0.220134 4.5005 0.6604 -1.5717 0.2312 0.2030 40.8317
0.094373 4.4424 1.1428 -1.1600 0.2076 0.0870 44.5698
0.123251 4.5410 0.9948 -1.9399 0.1328 0.0665 124.2089
0.035342 4.9879 1.4053 -1.5744 0.1749 0.0912 39.8292

# ASN.H 3
0.265517 2.8926 0.6921 -0.7051 0.0283 0.0974 200.0000
0.092487 2.9153 1.5009 -1.5670 0.0273 0.0478 136.3143
0.641996 2.8922 0.6069 -2.4604 0.0274 0.0817 159.3441

# ASP.H 3
0.281988 2.8818 0.7055 -0.7137 0.0276 0.0887 200.0000
0.101233 2.9075 1.5023 -1.5876 0.0304 0.0505 143.1609
0.616779 2.8898 0.6168 -2.4273 0.0245 0.0724 187.2785

# CYS.H 3
0.214791 2.7973 0.7424 -0.7543 0.0312 0.0860 200.0000
0.095373 2.8236 1.4868 -1.5346 0.0297 0.0452 97.6358
0.689836 2.7955 0.6477 -2.4086 0.0263 0.0682 200.0000

# GLN.H 9
0.139233 3.0812 0.3956 -0.0728 0.0815 0.0966 27.6190
0.183871 3.0669 0.3419 -3.0958 0.1075 0.1208 13.0959
0.160183 3.8292 0.7538 -1.1194 0.0347 0.0855 157.4378
0.413802 3.8270 0.7232 -2.0248 0.0306 0.0683 130.3905
0.022056 3.3237 1.0840 -0.6471 0.0968 0.0934 74.7626
0.035216 3.3029 1.0515 -2.5469 0.1153 0.0906 58.3380
0.029057 3.8335 1.2210 -1.5639 0.0378 0.0587 82.6019
0.005632 3.3422 1.5344 -1.1736 0.0874 0.0772 144.3411
0.010949 3.3700 1.5588 -1.9173 0.0631 0.0880 81.0548

# GLU.H 9
0.102120 3.1138 0.4220 -0.1415 0.0951 0.1383 20.5845
0.165408 3.0806 0.3245 -3.0936 0.1164 0.1247 11.0317
0.219024 3.8207 0.7521 -1.1132 0.0513 0.1019 130.6596
0.361168 3.8189 0.7125 -2.0275 0.0476 0.0903 92.4738
0.019053 3.3034 1.0682 -0.6266 0.0878 0.0958 104.7382
0.073076 3.2833 1.0712 -2.5443 0.0953 0.0885 91.8598
0.029829 3.8321 1.2188 -1.5661 0.0600 0.0734 75.2215
0.004357 3.3688 1.5036 -1.1607 0.1070 0.1068 87.0533
0.025966 3.3432 1.5601 -1.9496 0.0813 0.1023 71.4226

# GLY.H 0

# HIS.H 3
0.384203 3.5539 0.7567 -0.5629 0.0358 0.1049 200.0000
0.075517 3.5751 1.5996 -1.5361 0.0339 0.0524 65.6090
0.540279 3.5515 0.6383 -2.6310 0.0382 0.1023 114.5221

# ILE.H 7
0.045427 2.2154 0.6249 -0.9997 0.0425 0.0629 178.8983
0.039200 2.6999 0.7914 -1.1879 0.0325 0.0557 200.0000
0.141457 2.3215 0.3837 -1.9767 0.0576 0.0591 37.7032
0.657142 2.6885 0.6383 -1.8170 0.0250 0.0411 200.0000
0.031140 2.3098 0.7708 -1.9981 0.0725 0.0738 30.3968
0.079819 2.7102 1.1089 -1.6771 0.0397 0.0479 200.0000
0.005816 2.3112 1.2271 -1.6035 0.0632 0.0507 119.9637

# LEU.H 5
0.314208 3.0558 0.6388 -0.8690 0.0395 0.0902 106.7540
0.004037 3.1452 1.3185 -1.4597 0.0389 0.0644 123.0340
0.668382 3.0484 0.5397 -2.2435 0.0419 0.0662 82.3023
0.004458 2.8194 0.7550 -0.6108 0.0332 0.0830 200.0000
0.008916 2.7404 0.5014 -2.6205 0.0337 0.1126 200.0000

# LYS.H 5
0.071578 3.7671 0.5156 -0.2257 0.1551 0.1561 42.9486
0.307154 4.2391 0.7416 -0.9603 0.2360 0.1745 18.4562
0.435283 4.2670 0.6728 -2.1086 0.2007 0.1416 27.0608
0.132914 3.7432 0.4481 -3.0001 0.1911 0.1723 11.5695
0.053071 4.2902 1.2855 -1.5171 0.1576 0.1525 70.3764

# MET.H 8
0.114111 3.1857 0.3420 -0.4079 0.1767 0.1694 9.8853
0.288894 3.0943 0.3100 -2.8614 0.1927 0.1724 6.7139
0.120325 3.6123 0.8302 -1.1532 0.1264 0.2214 45.6783
0.279516 3.6535 0.6552 -1.8966 0.1047 0.1579 68.0943
0.053214 3.6525 1.2132 -1.4072 0.1096 0.1102 14.6079
0.024404 3.9228 0.7453 -0.9460 0.0660 0.1015 97.2147
0.111965 3.8869 0.7054 -2.1314 0.0862 0.0922 70.0298
0.007570 3.9322 1.3572 -1.4815 0.1614 0.1092 102.7724

# PHE.H 3
0.488463 3.7877 0.7933 -0.5338 0.0377 0.1036 200.0000
0.028949 3.8251 1.5975 -1.5006 0.0375 0.0602 48.4680
0.482588 3.7891 0.6252 -2.6733 0.0422 0.1243 80.6690

# PRO.H 2
0.337043 2.2945 1.6937 -2.3052 0.0203 0.0610 200.0000
0.662957 2.2900 1.4595 -2.5335 0.0192 0.0527 200.0000

# SER.H 3
0.198243 2.4239 0.7898 -0.8193 0.0203 0.0792 200.0000
0.487403 2.4321 1.4672 -1.5103 0.0227 0.0420 149.2000
0.314354 2.4223 0.6816 -2.3224 0.0216 0.0608 200.0000

# THR.H 3
0.020369 2.1796 1.0335 -1.2458 0.0261 0.0772 200.0000
0.443135 2.1654 1.0662 -1.8611 0.0227 0.0625 200.0000
0.536495 2.1590 0.5791 -1.5246 0.0211 0.0351 200.0000

# TRP.H 8
0.201220 4.0425 0.5512 -0.2167 0.1021 0.1514 21.4979
0.200438 4.1949 1.0376 -0.5984 0.0897 0.1204 73.2050
0.051635 4.5280 0.7224 -0.9386 0.0497 0.1674 117.8036
0.268033 4.0215 0.4107 -3.0886 0.0971 0.1815 11.6329
0.021436 4.2250 1.0119 -2.5434 0.1034 0.0703 82.8414
0.149898 4.5076 0.6774 -2.2575 0.0628 0.1626 123.3972
0.088719 4.1917 1.6340 -1.2755 0.0791 0.0854 62.3958
0.018620 4.2283 1.5508 -1.9142 0.1011 0.2494 96.6970

# TYR.H 3
0.470309 4.1631 0.8069 -0.4858 0.0531 0.1099 140.8317
0.044815 4.2152 1.6234 -1.5078 0.0555 0.0675 40.1336
0.484876 4.1624 0.6504 -2.7321 0.0575 0.1272 63.0159

# VAL.H 3
0.812662 2.1886 0.5753 -1.4891 0.0197 0.0342 200.0000
0.062641 2.2033 0.9827 -1.2307 0.0228 0.0585 200.0000
0.124696 2.1996 1.0118 -1.8655 0.0223 0.0494 200.0000
