# ALA.C 0

# ARG.C 8
0.225721 4.9661 0.7156 -2.2566 0.2054 0.1643 40.6583
0.082407 4.9842 0.7202 -0.9184 0.2140 0.1624 41.4954
0.073154 4.2284 0.4492 -0.3575 0.3112 0.2748 4.2703
0.153698 4.2987 0.4877 -3.0307 0.3442 0.2063 4.5646
0.189110 4.5680 0.6530 -1.6052 0.2275 0.2204 39.5363
0.064235 4.5551 1.1335 -1.1866 0.2176 0.1083 64.0374
0.139852 4.5474 1.0979 -1.9383 0.2004 0.0824 87.9732
0.071823 4.9813 1.4575 -1.5453 0.1845 0.0945 38.7098

# ASN.C 3
0.294254 2.9009 0.6616 -0.7117 0.0250 0.1058 196.7089
0.191949 2.9125 1.5109 -1.5633 0.0255 0.0458 134.8673
0.513797 2.8865 0.6711 -2.4585 0.0276 0.0970 159.8219

# ASP.C 3
0.296823 2.8888 0.6813 -0.7264 0.0245 0.1002 200.0000
0.256526 2.9031 1.5117 -1.5685 0.0252 0.0443 149.7107
0.446650 2.8813 0.6573 -2.4347 0.0275 0.0890 151.4204

# CYS.C 3
0.263381 2.7974 0.7391 -0.7547 0.0334 0.0857 200.0000
0.253791 2.8169 1.5117 -1.5368 0.0261 0.0419 116.4356
0.482828 2.7972 0.7111 -2.3954 0.0282 0.0799 200.0000

# GLN.C 9
0.064852 3.1201 0.4183 -0.2312 0.1011 0.1324 16.1903
0.251935 3.0795 0.3945 -3.0072 0.1017 0.1092 18.8903
0.142959 3.8299 0.7378 -1.1484 0.0355 0.0864 114.5245
0.366871 3.8231 0.7326 -2.0158 0.0356 0.0859 110.3697
0.014678 3.3230 1.0437 -0.6338 0.0901 0.1303 71.2784
0.055600 3.2623 1.0533 -2.5534 0.1215 0.0991 53.3943
0.069834 3.8369 1.2626 -1.5576 0.0326 0.0557 101.9732
0.006761 3.3232 1.5829 -1.2286 0.1121 0.0845 50.4643
0.026510 3.3366 1.6152 -1.8809 0.1004 0.1026 60.8144

# GLU.C 9
0.069483 3.0966 0.4105 -0.1844 0.1134 0.1483 16.8951
0.196913 3.1077 0.3718 -2.9636 0.1114 0.1343 12.4999
0.173626 3.8216 0.7492 -1.1312 0.0595 0.1122 102.4197
0.348226 3.8131 0.7254 -2.0170 0.0581 0.1085 82.1357
0.013268 3.2859 1.0591 -0.6207 0.1142 0.1256 56.5267
0.067425 3.2920 1.0883 -2.5098 0.0980 0.1000 86.1183
0.083997 3.8283 1.2530 -1.5665 0.0493 0.0727 89.5709
0.006445 3.3224 1.5744 -1.2239 0.1320 0.1219 44.2141
0.040617 3.3195 1.6055 -1.9108 0.0936 0.1147 53.3738

# GLY.C 0

# HIS.C 3
0.254288 3.5573 0.7002 -0.5630 0.0364 0.1114 172.3380
0.171393 3.5679 1.6349 -1.5691 0.0348 0.0536 77.0203
0.574320 3.5497 0.7109 -2.6045 0.0370 0.1008 135.3344

# ILE.C 7
0.028117 2.2342 0.6465 -1.0492 0.0505 0.0670 126.5934
0.077844 2.7062 0.8309 -1.2126 0.0329 0.0613 200.0000
0.189026 2.3244 0.4464 -2.0334 0.0563 0.0614 57.4683
0.447863 2.6934 0.6782 -1.8288 0.0309 0.0518 200.0000
0.011809 2.3301 0.7846 -2.0637 0.0573 0.0485 200.0000
0.228952 2.7077 1.1384 -1.6821 0.0381 0.0494 200.0000
0.016388 2.3061 1.2598 -1.6444 0.0563 0.0512 88.6513

# LEU.C 5
0.201731 3.0691 0.6282 -0.9251 0.0422 0.0947 69.6008
0.015602 3.1236 1.3859 -1.5433 0.0450 0.0555 114.0780
0.770252 3.0501 0.5995 -2.2493 0.0429 0.0789 86.0349
0.003282 2.8095 0.6543 -0.6062 0.0425 0.1254 200.0000
0.009133 2.7516 0.5752 -2.6061 0.0272 0.0975 200.0000

# LYS.C 5
0.040524 3.7939 0.5218 -0.2639 0.1491 0.1634 43.9334
0.200011 4.2317 0.7293 -0.9845 0.2364 0.1880 20.4578
0.459856 4.2425 0.7222 -2.1269 0.2184 0.1872 26.8398
0.207191 3.7539 0.5130 -2.9314 0.1776 0.1597 15.8578
0.092417 4.3028 1.3303 -1.5352 0.1529 0.1304 75.3014

# MET.C 8
0.092957 3.1882 0.3660 -0.4984 0.1946 0.1811 10.3315
0.275116 3.1467 0.3658 -2.7501 0.1879 0.1637 8.8855
0.111945 3.6280 0.7079 -1.2115 0.1233 0.1971 52.5135
0.275558 3.6417 0.7080 -1.9354 0.1079 0.1949 48.1931
0.062265 3.6838 1.2254 -1.5528 0.0774 0.0879 25.2091
0.039744 3.9143 0.7149 -0.9871 0.0723 0.1186 73.7194
0.099580 3.9038 0.7088 -2.1509 0.0789 0.1049 64.5648
0.042835 3.8663 1.4304 -1.5656 0.2110 0.1345 60.6813

# PHE.C 3
0.248292 3.7918 0.7441 -0.5354 0.0379 0.1128 191.1280
0.136166 3.8143 1.6452 -1.5807 0.0335 0.0500 57.8745
0.615542 3.7853 0.6958 -2.6317 0.0388 0.1044 117.3917

# PRO.C 2
0.552753 2.2901 1.7402 -2.2669 0.0214 0.0657 200.0000
0.447247 2.2922 1.4886 -2.5073 0.0194 0.0553 200.0000

# SER.C 3
0.222217 2.4275 0.7896 -0.8260 0.0222 0.0905 200.0000
0.505009 2.4270 1.4783 -1.5406 0.0226 0.0369 124.0263
0.272774 2.4252 0.7132 -2.3123 0.0215 0.0723 200.0000

# THR.C 3
0.091224 2.1791 1.0691 -1.2504 0.0197 0.0546 200.0000
0.643235 2.1642 1.0699 -1.8691 0.0206 0.0495 200.0000
0.265541 2.1624 0.6046 -1.5418 0.0180 0.0325 200.0000

# TRP.C 8
0.144737 4.0642 0.4531 -0.2297 0.0999 0.1477 14.9679
0.070554 4.2313 1.0178 -0.6196 0.1024 0.1158 81.0863
0.051951 4.5156 0.7331 -0.9114 0.0512 0.1611 119.9858
0.314428 4.0747 0.4826 -2.8833 0.1057 0.1435 21.8721
0.059211 4.2139 1.0093 -2.5476 0.0923 0.1023 86.2300
0.151770 4.5050 0.6462 -2.2361 0.0750 0.1577 125.9623
0.133394 4.2193 1.6516 -1.3579 0.1186 0.1143 52.1796
0.073956 4.2028 1.6318 -1.9062 0.0838 0.0836 90.9855

# TYR.C 3
0.272385 4.1670 0.7633 -0.4792 0.0526 0.1189 126.6556
0.141470 4.1951 1.6806 -1.5753 0.0462 0.0532 53.5426
0.586145 4.1600 0.7110 -2.6882 0.0537 0.1141 85.3198

# VAL.C 3
0.604422 2.1895 0.5997 -1.5377 0.0215 0.0372 200.0000
0.080574 2.2056 1.0287 -1.2512 0.0239 0.0538 200.0000
0.315003 2.1984 1.0464 -1.8614 0.0223 0.0497 200.0000

