# ARG.H 8
0.218943 4.9746 0.7057 -2.2396 0.2219 0.1545 50.0494
0.107855 4.9450 0.7428 -0.8940 0.2258 0.1749 38.1198
0.099434 4.2240 0.5408 -0.1257 0.3109 0.2846 6.1942
0.100668 4.2478 0.4558 -3.1031 0.4385 0.2094 2.4023
0.220134 4.5005 0.6604 -1.5717 0.2312 0.2030 40.8317
0.094373 4.4424 1.1428 -1.1600 0.2076 0.0870 44.5698
0.123251 4.5410 0.9948 -1.9399 0.1328 0.0665 124.2089
0.035342 4.9879 1.4053 -1.5744 0.1749 0.0912 39.8292

# ARG.E 8
0.181763 4.9529 0.7354 -2.2616 0.2168 0.1786 52.2730
0.134197 5.0433 0.7649 -0.9155 0.1733 0.1397 57.9374
0.070843 4.3978 0.4593 -0.2887 0.2868 0.2286 9.8713
0.150288 4.2892 0.4909 -2.6977 0.2312 0.2002 2.6658
0.193300 4.6120 0.6841 -1.5978 0.1860 0.2203 25.6322
0.099484 4.5848 1.0905 -1.1984 0.2099 0.0958 53.0810
0.089768 4.4367 1.1607 -1.9549 0.1691 0.0888 71.7018
0.080356 4.9999 1.4477 -1.5188 0.1787 0.0843 45.5526

# ARG.C 8
0.225721 4.9661 0.7156 -2.2566 0.2054 0.1643 40.6583
0.082407 4.9842 0.7202 -0.9184 0.2140 0.1624 41.4954
0.073154 4.2284 0.4492 -0.3575 0.3112 0.2748 4.2703
0.153698 4.2987 0.4877 -3.0307 0.3442 0.2063 4.5646
0.189110 4.5680 0.6530 -1.6052 0.2275 0.2204 39.5363
0.064235 4.5551 1.1335 -1.1866 0.2176 0.1083 64.0374
0.139852 4.5474 1.0979 -1.9383 0.2004 0.0824 87.9732
0.071823 4.9813 1.4575 -1.5453 0.1845 0.0945 38.7098

# ASN.H 3
0.265517 2.8926 0.6921 -0.7051 0.0283 0.0974 200.0000
0.092487 2.9153 1.5009 -1.5670 0.0273 0.0478 136.3143
0.641996 2.8922 0.6069 -2.4604 0.0274 0.0817 159.3441

# ASN.E 3
0.412205 2.8977 0.7031 -0.7285 0.0281 0.0980 200.0000
0.097772 2.9082 1.5081 -1.5465 0.0273 0.0478 95.6686
0.490023 2.8867 0.7089 -2.4117 0.0275 0.0970 195.9822

# ASN.C 3
0.294254 2.9009 0.6616 -0.7117 0.0250 0.1058 196.7089
0.191949 2.9125 1.5109 -1.5633 0.0255 0.0458 134.8673
0.513797 2.8865 0.6711 -2.4585 0.0276 0.0970 159.8219

# ASP.H 3
0.281988 2.8818 0.7055 -0.7137 0.0276 0.0887 200.0000
0.101233 2.9075 1.5023 -1.5876 0.0304 0.0505 143.1609
0.616779 2.8898 0.6168 -2.4273 0.0245 0.0724 187.2785

# ASP.E 3
0.539141 2.8910 0.6944 -0.7428 0.0259 0.1047 200.0000
0.090909 2.9039 1.4990 -1.5561 0.0277 0.0493 127.4853
0.369949 2.8808 0.6789 -2.4012 0.0266 0.0869 179.0634

# ASP.C 3
0.296823 2.8888 0.6813 -0.7264 0.0245 0.1002 200.0000
0.256526 2.9031 1.5117 -1.5685 0.0252 0.0443 149.7107
0.446650 2.8813 0.6573 -2.4347 0.0275 0.0890 151.4204

# CYS.H 3
0.214791 2.7973 0.7424 -0.7543 0.0312 0.0860 200.0000
0.095373 2.8236 1.4868 -1.5346 0.0297 0.0452 97.6358
0.689836 2.7955 0.6477 -2.4086 0.0263 0.0682 200.0000

# CYS.E 3
0.349488 2.7977 0.7551 -0.7566 0.0297 0.0674 200.0000
0.203016 2.8154 1.5141 -1.5466 0.0281 0.0352 172.3127
0.447496 2.8020 0.7467 -2.3598 0.0289 0.0769 200.0000

# CYS.C 3
0.263381 2.7974 0.7391 -0.7547 0.0334 0.0857 200.0000
0.253791 2.8169 1.5117 -1.5368 0.0261 0.0419 116.4356
0.482828 2.7972 0.7111 -2.3954 0.0282 0.0799 200.0000

# GLN.H 9
0.139233 3.0812 0.3956 -0.0728 0.0815 0.0966 27.6190
0.183871 3.0669 0.3419 -3.0958 0.1075 0.1208 13.0959
0.160183 3.8292 0.7538 -1.1194 0.0347 0.0855 157.4378
0.413802 3.8270 0.7232 -2.0248 0.0306 0.0683 130.3905
0.022056 3.3237 1.0840 -0.6471 0.0968 0.0934 74.7626
0.035216 3.3029 1.0515 -2.5469 0.1153 0.0906 58.3380
0.029057 3.8335 1.2210 -1.5639 0.0378 0.0587 82.6019
0.005632 3.3422 1.5344 -1.1736 0.0874 0.0772 144.3411
0.010949 3.3700 1.5588 -1.9173 0.0631 0.0880 81.0548

# GLN.E 9
0.091100 3.1389 0.4287 -0.3093 0.1128 0.1211 17.9460
0.133667 3.1194 0.3981 -2.8710 0.0925 0.1117 25.4415
0.316350 3.8264 0.7584 -1.1300 0.0348 0.0820 153.4647
0.292970 3.8236 0.7702 -1.9869 0.0346 0.0841 128.0337
0.017897 3.3713 1.0965 -0.7011 0.0938 0.1090 69.2882
0.038052 3.2771 1.0647 -2.4871 0.1212 0.1931 48.6236
0.094324 3.8342 1.2615 -1.5691 0.0314 0.0514 113.1361
0.005643 3.3446 1.5910 -1.1903 0.1090 0.0877 81.7246
0.009997 3.3142 1.5494 -1.9487 0.1457 0.1441 51.3063

# GLN.C 9
0.064852 3.1201 0.4183 -0.2312 0.1011 0.1324 16.1903
0.251935 3.0795 0.3945 -3.0072 0.1017 0.1092 18.8903
0.142959 3.8299 0.7378 -1.1484 0.0355 0.0864 114.5245
0.366871 3.8231 0.7326 -2.0158 0.0356 0.0859 110.3697
0.014678 3.3230 1.0437 -0.6338 0.0901 0.1303 71.2784
0.055600 3.2623 1.0533 -2.5534 0.1215 0.0991 53.3943
0.069834 3.8369 1.2626 -1.5576 0.0326 0.0557 101.9732
0.006761 3.3232 1.5829 -1.2286 0.1121 0.0845 50.4643
0.026510 3.3366 1.6152 -1.8809 0.1004 0.1026 60.8144

# GLU.H 9
0.102120 3.1138 0.4220 -0.1415 0.0951 0.1383 20.5845
0.165408 3.0806 0.3245 -3.0936 0.1164 0.1247 11.0317
0.219024 3.8207 0.7521 -1.1132 0.0513 0.1019 130.6596
0.361168 3.8189 0.7125 -2.0275 0.0476 0.0903 92.4738
0.019053 3.3034 1.0682 -0.6266 0.0878 0.0958 104.7382
0.073076 3.2833 1.0712 -2.5443 0.0953 0.0885 91.8598
0.029829 3.8321 1.2188 -1.5661 0.0600 0.0734 75.2215
0.004357 3.3688 1.5036 -1.1607 0.1070 0.1068 87.0533
0.025966 3.3432 1.5601 -1.9496 0.0813 0.1023 71.4226

# GLU.E 9
0.051949 3.1139 0.3954 -0.2663 0.1039 0.1532 20.5407
0.093130 3.1449 0.3747 -2.8426 0.1003 0.1191 17.9142
0.366637 3.8216 0.7715 -1.1270 0.0453 0.0950 137.7978
0.350085 3.8156 0.7567 -1.9899 0.0536 0.1013 91.2266
0.013760 3.3270 1.0642 -0.6485 0.1099 0.1130 72.5548
0.015655 3.2797 1.1151 -2.4801 0.1054 0.1244 68.3924
0.095224 3.8280 1.2533 -1.5612 0.0416 0.0649 97.7616
0.008077 3.3249 1.5720 -1.1918 0.1168 0.1080 65.5231
0.005484 3.3067 1.6222 -1.9114 0.1252 0.1139 62.6787

# GLU.C 9
0.069483 3.0966 0.4105 -0.1844 0.1134 0.1483 16.8951
0.196913 3.1077 0.3718 -2.9636 0.1114 0.1343 12.4999
0.173626 3.8216 0.7492 -1.1312 0.0595 0.1122 102.4197
0.348226 3.8131 0.7254 -2.0170 0.0581 0.1085 82.1357
0.013268 3.2859 1.0591 -0.6207 0.1142 0.1256 56.5267
0.067425 3.2920 1.0883 -2.5098 0.0980 0.1000 86.1183
0.083997 3.8283 1.2530 -1.5665 0.0493 0.0727 89.5709
0.006445 3.3224 1.5744 -1.2239 0.1320 0.1219 44.2141
0.040617 3.3195 1.6055 -1.9108 0.0936 0.1147 53.3738

# HIS.H 3
0.384203 3.5539 0.7567 -0.5629 0.0358 0.1049 200.0000
0.075517 3.5751 1.5996 -1.5361 0.0339 0.0524 65.6090
0.540279 3.5515 0.6383 -2.6310 0.0382 0.1023 114.5221

# HIS.E 3
0.360742 3.5708 0.7506 -0.5938 0.0417 0.1068 178.1294
0.145907 3.5805 1.6286 -1.5342 0.0384 0.0537 80.4190
0.493351 3.5603 0.7352 -2.5447 0.0361 0.0979 167.4530

# HIS.C 3
0.254288 3.5573 0.7002 -0.5630 0.0364 0.1114 172.3380
0.171393 3.5679 1.6349 -1.5691 0.0348 0.0536 77.0203
0.574320 3.5497 0.7109 -2.6045 0.0370 0.1008 135.3344

# ILE.H 7
0.045427 2.2154 0.6249 -0.9997 0.0425 0.0629 178.8983
0.039200 2.6999 0.7914 -1.1879 0.0325 0.0557 200.0000
0.141457 2.3215 0.3837 -1.9767 0.0576 0.0591 37.7032
0.657142 2.6885 0.6383 -1.8170 0.0250 0.0411 200.0000
0.031140 2.3098 0.7708 -1.9981 0.0725 0.0738 30.3968
0.079819 2.7102 1.1089 -1.6771 0.0397 0.0479 200.0000
0.005816 2.3112 1.2271 -1.6035 0.0632 0.0507 119.9637

# ILE.E 7
0.011221 2.2502 0.6993 -1.0433 0.0491 0.0678 180.4596
0.076906 2.7073 0.8450 -1.2065 0.0332 0.0487 200.0000
0.169867 2.3285 0.4721 -2.0405 0.0493 0.0623 68.7943
0.586827 2.6929 0.6959 -1.8253 0.0310 0.0482 200.0000
0.030562 2.3401 0.8053 -2.0428 0.0519 0.0454 200.0000
0.117092 2.7098 1.1454 -1.6780 0.0364 0.0474 200.0000
0.007526 2.3415 1.2558 -1.5501 0.0473 0.0417 124.1277

# ILE.C 7
0.028117 2.2342 0.6465 -1.0492 0.0505 0.0670 126.5934
0.077844 2.7062 0.8309 -1.2126 0.0329 0.0613 200.0000
0.189026 2.3244 0.4464 -2.0334 0.0563 0.0614 57.4683
0.447863 2.6934 0.6782 -1.8288 0.0309 0.0518 200.0000
0.011809 2.3301 0.7846 -2.0637 0.0573 0.0485 200.0000
0.228952 2.7077 1.1384 -1.6821 0.0381 0.0494 200.0000
0.016388 2.3061 1.2598 -1.6444 0.0563 0.0512 88.6513

# LEU.H 5
0.314208 3.0558 0.6388 -0.8690 0.0395 0.0902 106.7540
0.004037 3.1452 1.3185 -1.4597 0.0389 0.0644 123.0340
0.668382 3.0484 0.5397 -2.2435 0.0419 0.0662 82.3023
0.004458 2.8194 0.7550 -0.6108 0.0332 0.0830 200.0000
0.008916 2.7404 0.5014 -2.6205 0.0337 0.1126 200.0000

# LEU.E 5
0.424429 3.0734 0.6781 -0.9066 0.0386 0.0844 140.7343
0.030002 3.1324 1.3848 -1.5238 0.0421 0.0501 123.7418
0.529958 3.0577 0.6546 -2.2260 0.0449 0.0848 110.0190
0.007326 2.8180 0.6892 -0.6282 0.0361 0.0893 200.0000
0.008285 2.7553 0.6255 -2.5704 0.0305 0.1458 200.0000

# LEU.C 5
0.201731 3.0691 0.6282 -0.9251 0.0422 0.0947 69.6008
0.015602 3.1236 1.3859 -1.5433 0.0450 0.0555 114.0780
0.770252 3.0501 0.5995 -2.2493 0.0429 0.0789 86.0349
0.003282 2.8095 0.6543 -0.6062 0.0425 0.1254 200.0000
0.009133 2.7516 0.5752 -2.6061 0.0272 0.0975 200.0000

# LYS.H 5
0.071578 3.7671 0.5156 -0.2257 0.1551 0.1561 42.9486
0.307154 4.2391 0.7416 -0.9603 0.2360 0.1745 18.4562
0.435283 4.2670 0.6728 -2.1086 0.2007 0.1416 27.0608
0.132914 3.7432 0.4481 -3.0001 0.1911 0.1723 11.5695
0.053071 4.2902 1.2855 -1.5171 0.1576 0.1525 70.3764

# LYS.E 5
0.059232 3.7705 0.5599 -0.2898 0.1586 0.1561 41.7822
0.355086 4.2465 0.7434 -1.0272 0.2174 0.1664 26.5773
0.364277 4.2329 0.7424 -2.1035 0.2221 0.1783 27.5214
0.130821 3.7631 0.5168 -2.8674 0.1631 0.1641 21.2045
0.090584 4.3222 1.2917 -1.5109 0.1509 0.1585 72.3991

# LYS.C 5
0.040524 3.7939 0.5218 -0.2639 0.1491 0.1634 43.9334
0.200011 4.2317 0.7293 -0.9845 0.2364 0.1880 20.4578
0.459856 4.2425 0.7222 -2.1269 0.2184 0.1872 26.8398
0.207191 3.7539 0.5130 -2.9314 0.1776 0.1597 15.8578
0.092417 4.3028 1.3303 -1.5352 0.1529 0.1304 75.3014

# MET.H 8
0.114111 3.1857 0.3420 -0.4079 0.1767 0.1694 9.8853
0.288894 3.0943 0.3100 -2.8614 0.1927 0.1724 6.7139
0.120325 3.6123 0.8302 -1.1532 0.1264 0.2214 45.6783
0.279516 3.6535 0.6552 -1.8966 0.1047 0.1579 68.0943
0.053214 3.6525 1.2132 -1.4072 0.1096 0.1102 14.6079
0.024404 3.9228 0.7453 -0.9460 0.0660 0.1015 97.2147
0.111965 3.8869 0.7054 -2.1314 0.0862 0.0922 70.0298
0.007570 3.9322 1.3572 -1.4815 0.1614 0.1092 102.7724

# MET.E 8
0.101755 3.2402 0.5071 -0.5455 0.1826 0.2712 15.9785
0.175285 3.1560 0.3888 -2.6029 0.1781 0.1512 14.5387
0.214896 3.6593 0.7826 -1.1787 0.1007 0.1694 62.7563
0.244545 3.6425 0.7898 -1.9618 0.1034 0.2017 42.6966
0.109820 3.6581 1.2549 -1.5090 0.1023 0.1002 15.9865
0.061670 3.9116 0.7684 -0.9875 0.0779 0.1088 91.4477
0.066414 3.9025 0.7546 -2.1312 0.0807 0.1023 71.5441
0.025617 3.9234 1.4130 -1.5510 0.1233 0.0931 74.5616

# MET.C 8
0.092957 3.1882 0.3660 -0.4984 0.1946 0.1811 10.3315
0.275116 3.1467 0.3658 -2.7501 0.1879 0.1637 8.8855
0.111945 3.6280 0.7079 -1.2115 0.1233 0.1971 52.5135
0.275558 3.6417 0.7080 -1.9354 0.1079 0.1949 48.1931
0.062265 3.6838 1.2254 -1.5528 0.0774 0.0879 25.2091
0.039744 3.9143 0.7149 -0.9871 0.0723 0.1186 73.7194
0.099580 3.9038 0.7088 -2.1509 0.0789 0.1049 64.5648
0.042835 3.8663 1.4304 -1.5656 0.2110 0.1345 60.6813

# PHE.H 3
0.488463 3.7877 0.7933 -0.5338 0.0377 0.1036 200.0000
0.028949 3.8251 1.5975 -1.5006 0.0375 0.0602 48.4680
0.482588 3.7891 0.6252 -2.6733 0.0422 0.1243 80.6690

# PHE.E 3
0.236222 3.8005 0.7730 -0.5580 0.0389 0.1086 200.0000
0.206685 3.8226 1.6388 -1.5429 0.0328 0.0451 97.1311
0.557093 3.7880 0.7221 -2.5843 0.0377 0.0914 163.6143

# PHE.C 3
0.248292 3.7918 0.7441 -0.5354 0.0379 0.1128 191.1280
0.136166 3.8143 1.6452 -1.5807 0.0335 0.0500 57.8745
0.615542 3.7853 0.6958 -2.6317 0.0388 0.1044 117.3917

# PRO.H 2
0.337043 2.2945 1.6937 -2.3052 0.0203 0.0610 200.0000
0.662957 2.2900 1.4595 -2.5335 0.0192 0.0527 200.0000

# PRO.E 2
0.549782 2.2933 1.7559 -2.2595 0.0208 0.0656 200.0000
0.450218 2.2950 1.5157 -2.4888 0.0186 0.0470 200.0000

# PRO.C 2
0.552753 2.2901 1.7402 -2.2669 0.0214 0.0657 200.0000
0.447247 2.2922 1.4886 -2.5073 0.0194 0.0553 200.0000

# SER.H 3
0.198243 2.4239 0.7898 -0.8193 0.0203 0.0792 200.0000
0.487403 2.4321 1.4672 -1.5103 0.0227 0.0420 149.2000
0.314354 2.4223 0.6816 -2.3224 0.0216 0.0608 200.0000

# SER.E 3
0.339426 2.4286 0.7819 -0.8334 0.0228 0.0787 200.0000
0.387461 2.4289 1.4800 -1.5373 0.0227 0.0324 165.0352
0.273113 2.4292 0.7356 -2.2882 0.0211 0.0633 200.0000

# SER.C 3
0.222217 2.4275 0.7896 -0.8260 0.0222 0.0905 200.0000
0.505009 2.4270 1.4783 -1.5406 0.0226 0.0369 124.0263
0.272774 2.4252 0.7132 -2.3123 0.0215 0.0723 200.0000

# THR.H 3
0.020369 2.1796 1.0335 -1.2458 0.0261 0.0772 200.0000
0.443135 2.1654 1.0662 -1.8611 0.0227 0.0625 200.0000
0.536495 2.1590 0.5791 -1.5246 0.0211 0.0351 200.0000

# THR.E 3
0.135288 2.1811 1.0528 -1.2511 0.0239 0.0518 200.0000
0.341619 2.1667 1.0779 -1.8577 0.0244 0.0493 200.0000
0.523092 2.1626 0.6083 -1.5329 0.0221 0.0353 200.0000

# THR.C 3
0.091224 2.1791 1.0691 -1.2504 0.0197 0.0546 200.0000
0.643235 2.1642 1.0699 -1.8691 0.0206 0.0495 200.0000
0.265541 2.1624 0.6046 -1.5418 0.0180 0.0325 200.0000

# TRP.H 8
0.201220 4.0425 0.5512 -0.2167 0.1021 0.1514 21.4979
0.200438 4.1949 1.0376 -0.5984 0.0897 0.1204 73.2050
0.051635 4.5280 0.7224 -0.9386 0.0497 0.1674 117.8036
0.268033 4.0215 0.4107 -3.0886 0.0971 0.1815 11.6329
0.021436 4.2250 1.0119 -2.5434 0.1034 0.0703 82.8414
0.149898 4.5076 0.6774 -2.2575 0.0628 0.1626 123.3972
0.088719 4.1917 1.6340 -1.2755 0.0791 0.0854 62.3958
0.018620 4.2283 1.5508 -1.9142 0.1011 0.2494 96.6970

# TRP.E 8
0.100873 4.0817 0.4942 -0.3135 0.0965 0.1351 26.3745
0.072151 4.2472 1.0114 -0.6323 0.0942 0.1494 94.9609
0.060892 4.5319 0.7737 -0.9309 0.0486 0.1606 135.7097
0.389246 4.1270 0.4522 -2.7399 0.0960 0.1260 31.7716
0.076517 4.1805 0.9970 -2.5490 0.0657 0.0804 151.3292
0.117877 4.4674 0.6055 -2.2181 0.1089 0.1757 95.3035
0.114660 4.2542 1.6274 -1.3482 0.1146 0.1082 64.4129
0.067785 4.2126 1.6472 -1.8314 0.0955 0.0921 113.5635

# TRP.C 8
0.144737 4.0642 0.4531 -0.2297 0.0999 0.1477 14.9679
0.070554 4.2313 1.0178 -0.6196 0.1024 0.1158 81.0863
0.051951 4.5156 0.7331 -0.9114 0.0512 0.1611 119.9858
0.314428 4.0747 0.4826 -2.8833 0.1057 0.1435 21.8721
0.059211 4.2139 1.0093 -2.5476 0.0923 0.1023 86.2300
0.151770 4.5050 0.6462 -2.2361 0.0750 0.1577 125.9623
0.133394 4.2193 1.6516 -1.3579 0.1186 0.1143 52.1796
0.073956 4.2028 1.6318 -1.9062 0.0838 0.0836 90.9855

# TYR.H 3
0.470309 4.1631 0.8069 -0.4858 0.0531 0.1099 140.8317
0.044815 4.2152 1.6234 -1.5078 0.0555 0.0675 40.1336
0.484876 4.1624 0.6504 -2.7321 0.0575 0.1272 63.0159

# TYR.E 3
0.251570 4.1766 0.7892 -0.5066 0.0540 0.1185 132.6475
0.187727 4.2017 1.6803 -1.5279 0.0470 0.0496 82.8483
0.560704 4.1617 0.7304 -2.6405 0.0500 0.0998 123.5631

# TYR.C 3
0.272385 4.1670 0.7633 -0.4792 0.0526 0.1189 126.6556
0.141470 4.1951 1.6806 -1.5753 0.0462 0.0532 53.5426
0.586145 4.1600 0.7110 -2.6882 0.0537 0.1141 85.3198

# VAL.H 3
0.812662 2.1886 0.5753 -1.4891 0.0197 0.0342 200.0000
0.062641 2.2033 0.9827 -1.2307 0.0228 0.0585 200.0000
0.124696 2.1996 1.0118 -1.8655 0.0223 0.0494 200.0000

# VAL.E 3
0.742921 2.1885 0.6089 -1.5442 0.0208 0.0323 200.0000
0.080034 2.2102 1.0457 -1.2603 0.0238 0.0432 200.0000
0.177045 2.2008 1.0576 -1.8543 0.0222 0.0454 200.0000

# VAL.C 3
0.604422 2.1895 0.5997 -1.5377 0.0215 0.0372 200.0000
0.080574 2.2056 1.0287 -1.2512 0.0239 0.0538 200.0000
0.315003 2.1984 1.0464 -1.8614 0.0223 0.0497 200.0000

