     C0   C1   C2    D0   D1   D2    E0   E1   E2   E3   E4   E5   E6   E7   E8    F0   F1   F2    H0   H1   H2    I0   I1   I2   I3   I4   I5   I6    K0   K1   K2   K3   K4    L0   L1   L2   L3   L4    M0   M1   M2   M3   M4   M5   M6   M7    N0   N1   N2    P0   P1    Q0   Q1   Q2   Q3   Q4   Q5   Q6   Q7   Q8    R0   R1   R2   R3   R4   R5   R6   R7    S0   S1   S2    T0   T1   T2    V0   V1   V2    W0   W1   W2   W3   W4   W5   W6   W7    Y0   Y1   Y2 
C0  2.03 2.04 2.03  3.47 3.90 3.62  4.22 3.88 3.65 3.86 3.86 3.86 3.86 3.86 3.86  4.24 4.09 4.08  4.06 4.12 4.08  4.03 3.92 3.93 4.05 4.03 4.00 4.03  3.91 3.94 3.95 4.05 3.91  4.07 4.05 4.09 4.05 4.05  3.99 3.94 4.00 3.98 4.01 4.01 3.91 4.01  3.90 3.72 3.75  3.68 3.77  4.32 4.08 3.75 4.00 3.89 3.89 3.89 3.89 3.89  3.64 3.88 3.88 3.92 4.00 4.31 3.90 3.64  3.21 3.24 3.37  4.09 3.72 3.84  3.92 3.87 4.01  4.53 4.21 4.09 3.89 4.09 3.99 4.00 4.09  4.33 3.92 3.99
C1  2.04 2.03 2.03  3.48 3.63 3.72  3.86 3.86 3.96 3.78 3.86 3.77 3.86 3.86 3.86  4.52 4.46 4.17  3.96 3.92 4.15  4.03 4.03 4.13 4.04 4.03 4.04 4.03  3.91 3.93 3.72 3.91 3.91  4.05 4.05 4.04 4.05 4.05  4.01 4.15 4.01 3.98 4.01 4.01 4.01 4.01  3.66 3.61 3.69  3.73 3.80  3.89 3.90 3.81 3.60 3.89 3.89 3.89 3.89 3.89  4.03 3.88 3.88 3.66 3.67 3.88 4.15 3.88  3.18 3.13 3.29  3.94 3.75 3.93  3.95 4.01 3.74  4.09 4.09 4.09 4.14 4.09 4.38 4.09 4.09  4.11 3.90 4.17
C2  2.03 2.03 2.02  3.82 3.46 3.55  4.04 3.83 3.68 3.98 3.86 3.61 3.86 3.86 3.86  3.85 4.40 4.28  3.93 4.11 3.87  4.08 3.91 4.11 4.10 4.03 4.03 4.03  3.94 3.95 3.95 3.91 3.79  4.05 3.95 4.09 4.05 4.05  3.91 3.92 4.03 4.01 4.23 4.19 3.94 4.01  3.64 3.61 3.80  3.86 3.77  3.84 3.95 3.73 3.87 3.89 3.89 3.89 3.89 3.89  3.68 3.86 3.72 3.78 3.95 3.78 4.05 4.01  3.32 3.40 3.33  3.89 3.81 3.85  3.93 3.99 3.99  3.76 3.72 4.61 4.33 3.85 4.29 3.91 3.80  3.73 4.16 4.15
D0  3.47 3.48 3.82  3.91 3.75 3.90  4.16 4.36 3.87 4.10 4.78 4.38 3.94 4.09 3.49  4.55 4.49 4.58  4.01 4.09 4.04  4.23 4.53 4.42 4.30 4.32 4.20 4.32  3.88 3.96 3.66 3.84 3.69  4.42 4.12 4.20 4.23 4.23  4.27 4.32 4.17 4.06 4.10 4.16 4.16 4.21  3.95 3.79 3.96  3.88 3.83  4.20 4.18 4.06 4.11 4.30 4.07 3.84 4.11 4.11  3.67 3.68 3.67 3.67 3.80 3.92 3.57 3.74  3.07 2.96 3.05  3.86 3.45 3.70  4.20 4.20 4.05  4.74 4.86 4.98 4.63 4.60 4.54 4.72 4.68  4.59 4.46 4.54
D1  3.90 3.63 3.46  3.75 3.38 3.92  3.92 4.62 4.11 3.75 4.09 4.29 3.56 4.09 4.09  4.67 4.52 4.72  4.13 3.98 4.07  4.32 4.57 4.31 4.14 4.32 4.37 4.32  4.01 3.97 3.88 3.98 3.70  4.15 4.23 4.23 4.23 4.23  4.21 4.24 4.21 4.22 4.21 4.21 4.21 4.21  3.73 3.48 3.87  3.92 3.83  4.28 4.49 4.17 3.72 4.11 3.95 3.84 4.11 4.11  3.74 3.69 3.65 3.77 3.69 3.66 3.59 3.73  3.08 3.01 2.98  3.89 3.18 3.78  4.13 4.11 4.23  5.06 4.99 4.83 5.02 4.83 4.74 4.81 4.83  4.50 4.52 4.52
D2  3.62 3.72 3.55  3.90 3.92 4.03  4.03 4.26 3.97 4.23 3.65 4.11 4.14 4.09 4.39  4.49 4.53 4.72  4.07 4.11 4.08  4.34 4.52 4.26 4.34 4.32 4.26 4.06  3.42 3.70 3.90 3.92 3.73  4.36 3.98 4.37 4.23 4.23  4.03 4.28 4.27 4.30 3.99 4.43 4.33 4.21  3.86 3.56 3.96  3.86 3.91  4.00 4.16 4.01 4.19 4.17 4.39 4.09 4.11 4.10  3.83 3.65 3.67 3.73 3.67 3.72 3.69 3.71  3.11 3.08 3.15  3.88 3.62 3.84  4.25 4.27 4.19  4.85 4.85 4.92 4.90 4.99 5.04 4.78 4.82  4.60 4.53 4.70
E0  4.22 3.86 4.04  4.16 3.92 4.03  4.26 4.37 4.22 4.02 4.26 4.19 4.26 4.26 4.26  4.66 4.79 4.72  4.59 4.39 4.40  4.52 4.50 4.58 4.59 4.45 4.54 4.45  4.02 4.16 4.01 4.06 3.88  4.72 4.33 4.35 4.33 4.33  4.71 4.49 4.38 4.42 4.28 4.28 4.24 4.28  4.33 3.69 4.10  3.99 3.99  4.71 4.44 4.29 4.23 4.37 4.37 4.37 4.37 4.37  3.99 4.14 4.06 4.08 4.17 4.13 4.09 4.08  3.43 3.37 3.44  4.27 3.71 4.04  4.35 4.41 4.31  4.95 4.62 4.75 5.00 4.75 5.20 5.15 4.75  4.72 4.70 4.80
E1  3.88 3.86 3.83  4.36 4.62 4.26  4.37 4.52 4.37 4.25 4.26 4.19 4.42 4.26 4.26  4.41 4.63 4.81  4.40 4.46 4.41  4.35 4.45 4.40 4.52 4.45 4.45 4.45  4.03 4.18 4.07 4.15 4.11  4.44 3.89 4.41 4.33 4.33  4.34 4.29 4.13 4.49 4.28 4.28 4.33 4.28  4.24 4.09 4.26  4.10 4.18  4.40 4.68 4.39 4.45 4.37 4.37 4.26 4.37 4.37  4.17 4.13 4.11 4.20 4.17 4.26 4.17 4.11  3.44 3.44 3.35  4.28 3.86 3.83  4.23 3.97 4.27  4.54 4.36 4.81 4.88 4.75 4.80 4.53 4.75  4.46 4.78 4.79
E2  3.65 3.96 3.68  3.87 4.11 3.97  4.22 4.37 4.54 4.27 4.26 4.63 3.72 4.26 4.26  4.51 4.62 4.34  4.45 4.34 4.36  4.65 4.29 4.25 4.24 4.38 4.32 4.45  4.11 4.00 4.00 4.06 4.06  4.36 3.98 4.21 4.33 4.40  4.27 4.30 3.97 4.18 4.28 4.28 4.23 4.28  4.14 4.12 4.15  3.97 4.01  4.36 4.36 4.26 4.27 4.30 4.44 4.47 4.37 4.37  4.05 4.08 4.09 4.12 4.09 4.25 4.15 4.12  3.34 3.40 3.44  3.71 3.73 4.00  4.10 4.30 4.15  4.36 4.80 4.52 4.50 4.52 4.56 4.88 4.68  4.65 4.66 4.50
E3  3.86 3.78 3.98  4.10 3.75 4.23  4.02 4.25 4.27 4.46 3.87 4.70 4.24 4.26 4.34  4.46 4.36 4.75  4.17 4.23 4.40  4.30 4.45 4.41 4.51 4.33 4.45 4.45  3.96 3.87 4.04 4.11 3.91  4.13 4.36 4.49 4.18 4.34  4.27 4.28 4.16 4.34 4.31 4.19 4.32 4.28  3.85 3.61 4.13  3.86 3.84  4.13 4.26 4.12 4.25 4.29 4.29 4.30 4.37 4.42  4.12 4.09 4.09 4.12 4.06 4.19 4.13 4.12  3.43 3.34 3.43  3.90 3.56 4.08  4.24 4.26 4.11  4.45 4.97 4.60 4.97 4.71 5.10 4.82 4.76  4.60 4.63 4.69
E4  3.86 3.86 3.86  4.78 4.09 3.65  4.26 4.26 4.26 3.87 4.26 4.26 4.26 4.26 4.26  5.12 4.62 4.71  4.62 3.75 4.36  4.45 4.45 4.45 4.68 4.45 4.45 4.45  4.07 4.26 4.05 4.07 4.07  4.80 4.33 4.48 4.33 4.33  4.28 4.28 4.28 4.28 4.28 4.28 4.28 4.28  4.74 4.11 4.21  4.01 4.01  4.37 4.37 4.37 4.46 4.37 4.37 4.37 4.37 4.37  4.06 4.27 4.14 4.01 4.09 4.22 3.92 4.14  3.44 3.34 3.38  3.90 3.75 4.06  4.49 4.23 4.23  4.75 4.75 4.75 4.75 4.75 4.75 4.75 4.75  4.92 4.69 4.82
E5  3.86 3.77 3.61  4.38 4.29 4.11  4.19 4.19 4.63 4.70 4.26 4.26 3.90 4.26 4.26  4.47 4.53 4.44  4.38 4.43 4.38  4.45 4.46 4.42 4.42 4.45 4.70 4.45  4.12 4.09 4.14 4.23 4.25  4.48 4.33 4.41 4.33 4.33  4.28 3.99 4.28 4.33 4.28 4.28 4.28 4.28  4.26 4.14 4.18  4.05 4.05  4.67 4.39 4.41 4.52 4.37 4.37 4.37 4.37 4.37  4.14 4.09 4.12 4.29 4.06 4.07 4.21 4.06  3.47 3.60 3.50  3.91 4.30 3.97  4.09 4.00 4.22  4.16 5.04 4.75 4.73 4.75 4.69 4.75 4.75  4.60 4.66 4.66
E6  3.86 3.86 3.86  3.94 3.56 4.14  4.26 4.42 3.72 4.24 4.26 3.90 4.26 4.26 4.26  4.69 4.35 4.43  4.38 4.35 4.37  4.45 4.45 4.50 4.27 4.45 4.36 4.45  3.84 4.05 4.02 3.92 4.03  4.12 4.33 4.20 4.33 4.33  4.28 4.25 4.28 4.16 4.28 4.28 4.28 4.28  3.81 3.67 4.00  3.76 4.12  4.37 4.42 4.22 4.19 4.37 4.37 4.37 4.37 4.37  4.05 3.94 4.19 4.06 4.06 4.36 4.03 3.95  3.38 3.34 3.40  3.64 3.85 3.90  4.18 4.19 4.26  5.22 4.75 4.75 4.84 4.75 4.68 4.75 4.75  4.85 4.50 4.68
E7  3.86 3.86 3.86  4.09 4.09 4.09  4.26 4.26 4.26 4.26 4.26 4.26 4.26 4.26 4.26  4.62 4.62 4.62  4.36 4.36 4.18  4.45 4.45 4.45 4.45 4.45 4.45 4.45  4.07 4.27 4.34 4.07 4.07  4.33 4.33 4.29 4.33 4.33  4.28 4.28 4.28 4.28 4.28 4.28 4.28 4.28  4.24 4.11 4.25  4.01 4.01  4.37 4.37 4.37 4.37 4.37 4.37 4.37 4.37 4.37  4.21 4.14 4.14 4.14 4.17 4.14 4.14 4.14  3.40 3.23 3.38  3.90 3.89 4.04  3.97 4.23 4.23  4.75 4.75 4.75 4.75 4.75 4.75 4.75 4.75  4.75 4.69 4.93
E8  3.86 3.86 3.86  3.49 4.09 4.39  4.26 4.26 4.26 4.34 4.26 4.26 4.26 4.26 4.26  4.82 4.62 4.98  4.27 4.36 4.50  4.45 4.45 4.45 4.57 4.45 4.45 4.45  4.07 4.03 4.36 3.97 4.07  4.40 4.33 4.22 4.33 4.33  4.28 4.28 4.28 4.28 4.28 4.28 4.28 4.28  3.81 4.11 4.49  4.10 4.13  4.37 4.41 4.37 4.64 4.37 4.37 4.37 4.37 4.37  4.66 4.63 4.30 4.23 4.03 4.26 4.19 4.14  3.34 3.09 3.53  3.90 3.74 3.48  4.23 4.23 4.62  4.75 4.75 4.75 4.75 4.75 4.75 4.75 4.75  4.73 4.35 4.72
F0  4.24 4.52 3.85  4.55 4.67 4.49  4.66 4.41 4.51 4.46 5.12 4.47 4.69 4.62 4.82  4.97 4.88 4.84  4.50 4.49 4.17  4.40 4.40 4.55 4.66 4.32 4.39 4.36  4.49 4.24 4.17 4.30 4.28  4.63 4.56 4.39 4.41 4.55  4.56 4.34 4.66 4.56 4.64 4.48 4.31 4.65  4.22 4.43 4.17  4.01 3.92  4.79 4.15 4.40 4.14 4.40 4.39 4.55 4.40 4.40  4.09 4.06 4.51 3.98 4.22 4.40 4.40 4.01  4.38 4.24 3.88  4.64 4.23 4.53  4.47 4.29 4.32  5.03 5.06 5.03 4.84 4.85 4.87 5.22 4.91  4.97 4.78 4.80
F1  4.09 4.46 4.40  4.49 4.52 4.53  4.79 4.63 4.62 4.36 4.62 4.53 4.35 4.62 4.62  4.88 5.01 4.87  4.33 4.48 4.20  4.13 4.67 4.54 4.46 3.97 4.46 4.34  4.18 4.30 4.20 4.28 4.39  4.54 4.64 4.55 4.51 4.50  4.88 4.38 4.65 4.56 5.00 4.34 4.42 4.57  4.10 3.98 4.26  4.13 3.92  4.65 4.60 4.39 4.35 4.40 4.40 3.90 4.40 4.40  4.00 3.78 4.36 4.08 3.90 4.10 4.07 4.08  4.26 4.13 4.29  4.44 4.66 4.31  4.15 4.36 4.45  4.96 5.24 4.90 4.92 4.61 4.79 4.94 4.88  4.86 5.09 4.91
F2  4.08 4.17 4.28  4.58 4.72 4.72  4.72 4.81 4.34 4.75 4.71 4.44 4.43 4.62 4.98  4.84 4.87 4.89  4.37 4.51 4.32  4.43 4.29 4.59 4.46 4.20 4.56 4.44  4.26 4.21 4.31 4.27 4.05  4.45 4.52 4.57 4.33 4.56  4.51 4.51 4.52 4.45 4.46 4.30 4.35 4.52  4.35 4.45 4.34  4.04 3.95  4.52 4.45 4.19 4.41 4.51 4.17 4.33 4.40 4.67  4.19 4.12 4.29 4.14 4.21 4.24 4.38 3.92  4.32 4.40 4.38  4.39 4.58 4.57  4.32 4.24 4.41  4.89 5.01 4.90 4.92 5.28 5.03 4.93 5.07  4.86 4.86 4.89
H0  4.06 3.96 3.93  4.01 4.13 4.07  4.59 4.40 4.45 4.17 4.62 4.38 4.38 4.36 4.27  4.50 4.33 4.37  4.11 4.39 4.32  4.23 4.28 4.40 4.33 4.26 4.23 4.26  4.21 4.37 4.09 4.31 4.12  4.27 4.23 4.16 4.26 4.26  4.28 4.20 4.31 4.17 4.53 3.94 4.21 4.30  3.90 4.47 4.07  3.90 3.88  4.47 4.19 4.07 3.97 4.31 4.24 4.28 4.22 4.22  3.90 3.82 4.09 4.02 4.29 4.11 4.10 4.03  3.78 3.80 3.77  4.24 3.98 4.10  4.26 4.17 4.08  4.34 4.54 3.75 4.29 4.45 3.99 4.22 4.60  4.48 4.52 4.25
H1  4.12 3.92 4.11  4.09 3.98 4.11  4.39 4.46 4.34 4.23 3.75 4.43 4.35 4.36 4.36  4.49 4.48 4.51  4.39 3.94 4.06  4.26 4.31 4.13 4.32 4.26 4.27 4.26  4.21 4.18 4.20 4.08 4.07  4.30 4.26 4.32 4.26 4.26  4.30 4.23 4.39 4.47 4.30 4.30 4.30 4.30  4.03 3.84 4.27  4.07 4.14  4.45 4.50 4.15 3.89 4.22 4.22 4.22 4.22 4.22  3.89 4.08 3.87 4.46 3.86 4.06 4.42 3.93  3.79 3.76 3.78  4.15 3.88 4.12  4.11 4.39 4.30  4.34 4.19 4.40 3.96 4.21 4.17 4.21 4.21  4.06 4.15 4.51
H2  4.08 4.15 3.87  4.04 4.07 4.08  4.40 4.41 4.36 4.40 4.36 4.38 4.37 4.18 4.50  4.17 4.20 4.32  4.32 4.06 4.31  4.26 4.26 4.32 4.15 4.57 4.19 4.00  4.43 4.17 4.24 4.28 4.19  4.27 4.31 4.21 4.26 4.29  4.32 4.39 4.43 4.21 4.29 4.44 4.24 4.30  4.05 4.02 4.18  3.97 3.89  4.27 4.29 4.12 4.17 4.22 4.45 3.96 4.22 4.22  4.06 3.95 4.11 4.14 4.18 4.36 4.00 3.79  3.78 3.78 3.80  4.31 4.07 4.05  4.10 4.22 4.11  4.02 3.85 4.21 4.18 4.22 4.04 4.20 4.44  3.91 4.34 4.39
I0  4.03 4.03 4.08  4.23 4.32 4.34  4.52 4.35 4.65 4.30 4.45 4.45 4.45 4.45 4.45  4.40 4.13 4.43  4.23 4.26 4.26  4.63 4.27 4.82 4.74 4.63 4.65 4.63  4.75 4.57 4.40 4.87 4.75  4.71 4.61 4.59 4.61 4.61  4.33 4.56 4.38 4.49 4.54 4.54 4.46 4.54  4.33 4.22 4.04  4.47 4.40  4.40 4.40 4.83 4.30 4.40 4.40 4.40 4.40 4.40  3.93 4.20 4.95 4.15 4.43 4.45 4.68 4.45  3.90 3.95 4.02  4.49 4.59 4.40  4.36 4.89 4.52  4.26 4.37 4.43 4.83 4.43 3.94 4.43 4.43  4.49 4.14 4.19
I1  3.92 4.03 3.91  4.53 4.57 4.52  4.50 4.45 4.29 4.45 4.45 4.46 4.45 4.45 4.45  4.40 4.67 4.29  4.28 4.31 4.26  4.27 4.45 4.63 4.66 4.59 4.51 4.63  4.75 4.74 4.52 4.61 4.69  4.60 4.84 4.45 4.61 4.61  4.62 4.52 4.47 4.38 4.45 4.54 4.57 4.54  4.38 4.38 4.27  4.38 4.30  4.38 4.22 4.28 4.45 4.40 4.40 4.40 4.40 4.40  4.02 4.07 4.67 4.23 4.42 4.93 4.65 4.63  4.00 3.98 3.85  4.63 4.55 4.35  4.52 4.38 4.43  4.66 4.50 4.46 4.21 4.08 4.11 4.34 4.35  4.30 4.36 4.29
I2  3.93 4.13 4.11  4.42 4.31 4.26  4.58 4.40 4.25 4.41 4.45 4.42 4.50 4.45 4.45  4.55 4.54 4.59  4.40 4.13 4.32  4.82 4.63 4.75 4.64 4.62 4.66 4.94  4.93 4.72 4.75 4.87 4.69  4.64 4.53 4.70 4.61 4.49  4.64 4.63 4.54 4.63 4.64 4.53 4.60 4.54  4.26 4.29 4.21  4.45 4.49  4.53 4.56 4.40 4.41 4.40 3.97 4.42 4.40 4.40  4.41 4.47 4.67 4.60 4.63 4.72 4.53 4.50  4.10 3.98 3.88  4.64 4.59 4.40  4.53 4.51 4.54  4.29 4.29 4.30 4.50 4.56 4.54 4.64 4.34  4.38 4.34 4.49
I3  4.05 4.04 4.10  4.30 4.14 4.34  4.59 4.52 4.24 4.51 4.68 4.42 4.27 4.45 4.57  4.66 4.46 4.46  4.33 4.32 4.15  4.74 4.66 4.64 4.52 4.38 4.71 4.78  4.84 4.66 4.80 4.76 4.57  4.68 4.56 4.68 4.56 4.63  4.55 4.59 4.57 4.53 4.51 4.54 4.45 4.61  4.24 4.18 4.31  4.43 4.43  4.46 4.44 4.29 4.44 4.52 4.63 4.24 4.40 4.56  4.39 4.32 4.42 4.32 4.42 4.66 4.41 4.23  3.89 3.84 3.93  4.60 4.53 4.33  4.42 4.46 4.57  4.53 4.56 4.23 4.37 4.70 4.48 4.39 4.51  4.54 4.38 4.28
I4  4.03 4.03 4.03  4.32 4.32 4.32  4.45 4.45 4.38 4.33 4.45 4.45 4.45 4.45 4.45  4.32 3.97 4.20  4.26 4.26 4.57  4.63 4.59 4.62 4.38 4.63 4.67 4.63  4.75 4.80 5.04 4.75 4.75  4.64 4.61 4.55 4.61 4.61  4.54 4.54 4.54 5.07 4.54 4.54 4.54 4.54  4.22 4.22 4.22  4.09 4.57  4.40 4.40 4.40 4.40 4.40 4.40 4.40 4.40 4.40  4.45 4.45 4.45 4.45 4.45 4.45 4.45 4.45  3.95 3.95 4.17  4.49 4.74 4.47  4.39 4.82 4.91  4.43 4.43 4.43 3.89 4.43 4.43 4.43 4.43  4.30 4.35 4.30
I5  4.00 4.04 4.03  4.20 4.37 4.26  4.54 4.45 4.32 4.45 4.45 4.70 4.36 4.45 4.45  4.39 4.46 4.56  4.23 4.27 4.19  4.65 4.51 4.66 4.71 4.67 4.43 4.72  4.77 4.63 4.72 4.76 4.85  4.60 4.50 4.59 4.61 4.61  4.47 4.39 4.51 4.53 4.56 4.53 4.39 4.54  4.01 4.14 4.27  4.42 4.31  4.16 4.34 4.32 4.31 4.40 4.50 4.53 4.40 4.40  4.41 4.54 4.54 4.20 4.35 4.53 4.44 4.18  3.92 3.82 3.92  4.29 4.42 4.39  4.57 4.49 4.11  4.43 4.43 4.55 4.59 4.25 4.77 5.18 4.94  4.26 4.60 4.43
I6  4.03 4.03 4.03  4.32 4.32 4.06  4.45 4.45 4.45 4.45 4.45 4.45 4.45 4.45 4.45  4.36 4.34 4.44  4.26 4.26 4.00  4.63 4.63 4.94 4.78 4.63 4.72 4.63  4.75 4.75 5.07 4.75 4.75  4.53 4.61 4.64 4.61 4.61  4.54 4.54 4.54 4.54 4.54 4.54 4.54 4.54  4.07 4.22 4.17  4.65 4.42  4.40 4.40 4.40 4.40 4.40 4.40 4.40 4.40 4.40  4.45 4.45 4.45 4.45 4.84 4.45 4.45 4.45  3.95 3.95 3.95  4.49 4.26 4.65  4.41 4.51 4.36  4.43 4.43 4.43 3.97 4.43 4.43 4.43 4.43  4.31 4.18 4.40
K0  3.91 3.91 3.94  3.88 4.01 3.42  4.02 4.03 4.11 3.96 4.07 4.12 3.84 4.07 4.07  4.49 4.18 4.26  4.21 4.21 4.43  4.75 4.75 4.93 4.84 4.75 4.77 4.75  4.51 4.31 4.40 4.70 4.51  4.82 4.58 4.31 4.58 4.58  4.41 4.40 4.41 4.26 4.41 4.41 4.41 4.41  4.16 4.06 3.96  4.31 4.36  4.27 4.55 4.39 4.22 4.27 4.27 4.27 4.27 4.27  4.18 4.52 4.23 4.56 4.57 4.52 4.59 4.52  3.53 3.46 3.44  4.19 4.32 4.42  4.72 4.57 4.56  3.86 3.83 4.11 4.17 4.11 4.11 4.11 4.11  4.16 4.41 4.20
K1  3.94 3.93 3.95  3.96 3.97 3.70  4.16 4.18 4.00 3.87 4.26 4.09 4.05 4.27 4.03  4.24 4.30 4.21  4.37 4.18 4.17  4.57 4.74 4.72 4.66 4.80 4.63 4.75  4.31 3.96 4.44 4.50 4.56  4.63 4.58 4.65 4.58 4.58  4.52 4.38 4.31 4.36 4.52 4.41 4.21 4.41  4.11 4.12 4.11  4.49 4.37  4.50 4.41 4.22 4.12 4.27 4.34 4.20 4.27 4.27  4.22 4.35 4.59 4.43 4.60 5.05 4.60 4.79  3.54 3.59 3.63  4.21 4.35 4.21  4.55 4.40 4.59  4.26 4.13 4.38 4.05 4.18 3.84 4.18 4.88  4.24 4.24 4.17
K2  3.95 3.72 3.95  3.66 3.88 3.90  4.01 4.07 4.00 4.04 4.05 4.14 4.02 4.34 4.36  4.17 4.20 4.31  4.09 4.20 4.24  4.40 4.52 4.75 4.80 5.04 4.72 5.07  4.40 4.44 4.74 4.70 4.61  4.21 4.58 4.68 4.58 4.58  4.37 4.40 4.37 4.53 4.52 4.41 4.59 4.41  4.01 3.98 4.16  4.34 4.35  4.25 4.24 4.15 4.20 4.27 4.36 4.26 4.27 4.50  4.43 4.38 4.55 4.35 4.63 4.53 4.37 4.16  3.57 3.63 3.52  4.17 4.24 4.04  4.58 4.52 4.51  3.93 3.98 3.86 4.12 4.06 3.90 4.11 4.02  4.09 4.29 4.25
K3  4.05 3.91 3.91  3.84 3.98 3.92  4.06 4.15 4.06 4.11 4.07 4.23 3.92 4.07 3.97  4.30 4.28 4.27  4.31 4.08 4.28  4.87 4.61 4.87 4.76 4.75 4.76 4.75  4.70 4.50 4.70 4.51 4.51  4.65 4.58 4.71 4.58 4.58  4.44 4.48 4.68 4.14 4.41 4.41 4.77 4.41  4.03 4.26 4.12  4.38 4.43  4.54 4.28 4.15 4.24 4.27 4.27 4.02 4.27 4.27  4.53 4.33 4.88 4.76 4.60 4.63 4.65 4.55  3.63 3.74 3.44  4.22 4.39 3.87  4.60 4.54 4.50  4.33 4.24 4.11 4.00 4.11 4.23 4.44 4.11  4.15 4.37 4.25
K4  3.91 3.91 3.79  3.69 3.70 3.73  3.88 4.11 4.06 3.91 4.07 4.25 4.03 4.07 4.07  4.28 4.39 4.05  4.12 4.07 4.19  4.75 4.69 4.69 4.57 4.75 4.85 4.75  4.51 4.56 4.61 4.51 4.51  4.58 4.58 4.53 4.58 4.58  4.41 4.08 4.41 4.31 4.41 4.41 4.41 4.41  3.84 3.82 4.12  4.32 4.35  4.16 4.15 4.19 4.23 4.27 4.27 4.27 4.27 4.27  4.37 4.68 4.52 4.62 4.34 4.52 4.52 4.52  3.56 3.45 3.40  3.94 4.23 4.04  4.58 4.49 4.78  4.11 4.11 4.11 3.72 4.11 4.02 4.11 4.11  4.21 4.30 3.98
L0  4.07 4.05 4.05  4.42 4.15 4.36  4.72 4.44 4.36 4.13 4.80 4.48 4.12 4.33 4.40  4.63 4.54 4.45  4.27 4.30 4.27  4.71 4.60 4.64 4.68 4.64 4.60 4.53  4.82 4.63 4.21 4.65 4.58  4.71 4.61 4.44 4.55 4.58  4.58 4.58 4.57 4.46 4.62 4.51 4.32 4.50  4.31 4.22 4.16  4.41 4.35  4.46 4.55 4.34 4.09 4.98 3.63 4.15 4.36 4.41  3.79 4.38 4.46 4.29 4.50 4.62 4.57 4.42  3.98 4.02 3.85  4.48 4.44 4.44  4.53 4.43 4.45  4.53 4.40 4.57 4.31 4.29 4.37 4.50 4.45  4.54 4.63 4.36
L1  4.05 4.05 3.95  4.12 4.23 3.98  4.33 3.89 3.98 4.36 4.33 4.33 4.33 4.33 4.33  4.56 4.64 4.52  4.23 4.26 4.31  4.61 4.84 4.53 4.56 4.61 4.50 4.61  4.58 4.58 4.58 4.58 4.58  4.61 4.54 4.56 4.54 4.54  4.55 4.61 4.43 4.42 4.51 4.51 4.51 4.51  4.35 4.26 4.48  4.39 4.19  4.36 4.36 4.30 4.42 4.36 4.36 4.36 4.36 4.36  4.60 4.39 4.39 4.39 4.57 4.39 4.39 4.39  3.91 4.00 3.83  4.91 4.32 4.38  4.39 4.33 4.36  5.08 4.45 4.45 4.58 4.45 4.45 4.45 4.45  5.07 4.63 4.00
L2  4.09 4.04 4.09  4.20 4.23 4.37  4.35 4.41 4.21 4.49 4.48 4.41 4.20 4.29 4.22  4.39 4.55 4.57  4.16 4.32 4.21  4.59 4.45 4.70 4.68 4.55 4.59 4.64  4.31 4.65 4.68 4.71 4.53  4.44 4.56 4.69 4.33 4.58  4.46 4.59 4.56 4.55 4.51 4.42 4.62 4.31  4.12 4.15 4.25  4.37 4.41  4.45 4.44 4.30 4.45 4.52 4.58 4.20 4.40 4.47  4.39 4.32 4.00 4.34 4.35 4.63 4.49 4.36  3.91 3.87 3.95  4.36 4.45 4.46  4.51 4.36 4.40  4.43 4.32 4.47 4.30 4.31 4.56 4.49 4.38  4.24 4.46 4.39
L3  4.05 4.05 4.05  4.23 4.23 4.23  4.33 4.33 4.33 4.18 4.33 4.33 4.33 4.33 4.33  4.41 4.51 4.33  4.26 4.26 4.26  4.61 4.61 4.61 4.56 4.61 4.61 4.61  4.58 4.58 4.58 4.58 4.58  4.55 4.54 4.33 4.54 4.54  4.51 4.51 4.51 4.51 4.51 4.51 4.51 4.51  4.26 4.26 4.26  4.40 4.40  4.36 4.36 4.36 4.01 4.36 4.36 4.36 4.36 4.36  4.39 4.39 4.39 4.39 4.39 4.39 4.39 4.39  3.93 3.93 3.93  4.47 4.47 4.20  4.53 4.42 4.50  4.45 4.45 4.45 4.27 4.45 4.45 4.45 4.45  5.15 4.48 4.31
L4  4.05 4.05 4.05  4.23 4.23 4.23  4.33 4.33 4.40 4.34 4.33 4.33 4.33 4.33 4.33  4.55 4.50 4.56  4.26 4.26 4.29  4.61 4.61 4.49 4.63 4.61 4.61 4.61  4.58 4.58 4.58 4.58 4.58  4.58 4.54 4.58 4.54 4.54  4.51 4.51 4.51 4.51 4.51 4.51 4.51 4.51  4.26 4.26 4.26  4.40 4.70  4.36 4.36 4.36 4.36 4.36 4.36 4.36 4.36 4.36  4.39 4.39 4.39 4.39 4.39 4.39 4.39 4.39  3.93 3.93 3.93  4.47 4.86 4.39  4.26 4.58 4.26  4.45 4.45 4.45 4.45 4.45 4.45 4.45 4.45  4.20 4.48 4.23
M0  3.99 4.01 3.91  4.27 4.21 4.03  4.71 4.34 4.27 4.27 4.28 4.28 4.28 4.28 4.28  4.56 4.88 4.51  4.28 4.30 4.32  4.33 4.62 4.64 4.55 4.54 4.47 4.54  4.41 4.52 4.37 4.44 4.41  4.58 4.55 4.46 4.51 4.51  4.33 4.50 4.54 4.41 4.41 4.43 4.35 4.41  4.28 4.10 4.15  4.30 4.23  4.27 4.72 4.39 4.19 4.30 4.30 4.30 4.30 4.30  4.14 4.64 4.28 4.11 4.36 4.30 4.86 4.30  3.98 3.78 3.86  4.30 4.74 4.35  4.38 4.43 4.37  4.37 4.82 4.53 4.40 4.53 4.17 5.07 4.53  4.51 4.67 4.29
M1  3.94 4.15 3.92  4.32 4.24 4.28  4.49 4.29 4.30 4.28 4.28 3.99 4.25 4.28 4.28  4.34 4.38 4.51  4.20 4.23 4.39  4.56 4.52 4.63 4.59 4.54 4.39 4.54  4.40 4.38 4.40 4.48 4.08  4.58 4.61 4.59 4.51 4.51  4.50 4.51 4.29 4.48 4.22 4.45 4.22 4.41  4.12 4.15 4.16  4.23 4.29  4.35 4.28 4.05 4.39 4.30 4.30 4.23 4.30 4.30  4.22 4.30 4.19 4.36 4.40 4.49 4.41 4.17  3.95 3.86 3.81  4.17 4.38 4.37  4.39 4.50 4.37  4.39 4.18 4.19 4.40 4.53 4.29 4.56 4.53  4.23 4.30 4.47
M2  4.00 4.01 4.03  4.17 4.21 4.27  4.38 4.13 3.97 4.16 4.28 4.28 4.28 4.28 4.28  4.66 4.65 4.52  4.31 4.39 4.43  4.38 4.47 4.54 4.57 4.54 4.51 4.54  4.41 4.31 4.37 4.68 4.41  4.57 4.43 4.56 4.51 4.51  4.54 4.29 4.46 4.52 4.51 4.41 4.21 4.41  4.13 3.99 4.07  4.37 4.23  4.52 4.42 4.36 4.18 4.30 4.30 4.30 4.30 4.30  4.10 4.27 4.51 4.36 4.14 4.30 4.41 4.30  3.93 3.72 3.89  4.64 4.31 4.32  4.38 4.28 4.27  4.86 4.47 4.53 4.56 4.53 4.33 4.57 4.53  4.64 4.46 4.53
M3  3.98 3.98 4.01  4.06 4.22 4.30  4.42 4.49 4.18 4.34 4.28 4.33 4.16 4.28 4.28  4.56 4.56 4.45  4.17 4.47 4.21  4.49 4.38 4.63 4.53 5.07 4.53 4.54  4.26 4.36 4.53 4.14 4.31  4.46 4.42 4.55 4.51 4.51  4.41 4.48 4.52 4.64 4.52 4.40 4.41 4.41  3.99 4.07 4.25  4.24 4.16  4.48 4.28 4.31 4.45 4.30 4.30 4.18 4.30 4.30  4.39 4.06 4.12 4.30 4.23 4.54 4.46 4.43  3.80 3.76 3.84  4.27 4.26 4.35  4.41 4.23 4.38  4.71 4.26 4.53 4.44 4.66 4.59 4.72 4.41  4.49 4.58 4.37
M4  4.01 4.01 4.23  4.10 4.21 3.99  4.28 4.28 4.28 4.31 4.28 4.28 4.28 4.28 4.28  4.64 5.00 4.46  4.53 4.30 4.29  4.54 4.45 4.64 4.51 4.54 4.56 4.54  4.41 4.52 4.52 4.41 4.41  4.62 4.51 4.51 4.51 4.51  4.41 4.22 4.51 4.52 4.41 4.41 4.34 4.41  4.06 4.10 4.04  4.35 4.14  4.30 4.30 4.03 4.26 4.30 4.30 4.30 4.30 4.30  3.98 4.30 4.30 4.20 4.24 4.30 4.30 4.30  3.80 3.88 3.84  4.29 4.02 4.31  4.33 4.53 4.46  4.81 4.80 4.53 4.36 4.53 4.77 4.53 4.53  4.21 4.43 4.52
M5  4.01 4.01 4.19  4.16 4.21 4.43  4.28 4.28 4.28 4.19 4.28 4.28 4.28 4.28 4.28  4.48 4.34 4.30  3.94 4.30 4.44  4.54 4.54 4.53 4.54 4.54 4.53 4.54  4.41 4.41 4.41 4.41 4.41  4.51 4.51 4.42 4.51 4.51  4.43 4.45 4.41 4.40 4.41 4.41 4.41 4.41  4.10 4.10 4.07  4.07 4.38  4.30 4.30 4.30 4.30 4.30 4.30 4.30 4.30 4.30  4.30 4.30 4.30 4.30 4.30 4.30 4.30 4.30  3.80 3.80 3.54  4.29 4.18 4.17  4.15 4.35 4.22  4.53 4.53 4.53 4.52 4.53 4.53 4.53 4.53  4.58 4.10 4.14
M6  3.91 4.01 3.94  4.16 4.21 4.33  4.24 4.33 4.23 4.32 4.28 4.28 4.28 4.28 4.28  4.31 4.42 4.35  4.21 4.30 4.24  4.46 4.57 4.60 4.45 4.54 4.39 4.54  4.41 4.21 4.59 4.77 4.41  4.32 4.51 4.62 4.51 4.51  4.35 4.22 4.21 4.41 4.34 4.41 4.41 4.41  4.08 4.10 4.02  4.23 4.16  4.30 4.15 3.85 4.51 4.30 4.30 4.30 4.30 4.30  4.25 3.91 4.30 4.30 4.08 4.30 4.59 4.30  3.68 3.46 3.78  4.24 3.86 4.12  4.41 4.42 4.41  4.38 4.33 4.53 4.38 4.53 4.82 5.02 4.53  4.32 4.34 4.31
M7  4.01 4.01 4.01  4.21 4.21 4.21  4.28 4.28 4.28 4.28 4.28 4.28 4.28 4.28 4.28  4.65 4.57 4.52  4.30 4.30 4.30  4.54 4.54 4.54 4.61 4.54 4.54 4.54  4.41 4.41 4.41 4.41 4.41  4.50 4.51 4.31 4.51 4.51  4.41 4.41 4.41 4.41 4.41 4.41 4.41 4.41  4.10 4.10 4.10  4.20 4.24  4.30 4.30 4.30 4.30 4.30 4.30 4.30 4.30 4.30  4.30 4.30 4.30 4.30 4.30 4.30 4.30 4.30  3.80 3.80 3.80  4.29 4.14 4.56  4.35 4.35 4.09  4.53 4.53 4.53 4.53 4.53 4.53 4.53 4.53  4.94 4.43 4.52
N0  3.90 3.66 3.64  3.95 3.73 3.86  4.33 4.24 4.14 3.85 4.74 4.26 3.81 4.24 3.81  4.22 4.10 4.35  3.90 4.03 4.05  4.33 4.38 4.26 4.24 4.22 4.01 4.07  4.16 4.11 4.01 4.03 3.84  4.31 4.35 4.12 4.26 4.26  4.28 4.12 4.13 3.99 4.06 4.10 4.08 4.10  3.93 3.52 3.96  3.96 3.86  3.97 4.14 4.24 3.88 4.05 4.09 3.94 4.05 4.05  3.99 4.10 4.23 4.03 4.07 4.12 3.91 3.97  3.40 3.21 3.38  3.92 3.56 3.96  4.17 4.08 3.87  4.32 4.63 4.36 4.33 4.68 3.84 4.18 3.47  4.38 4.03 4.31
N1  3.72 3.61 3.61  3.79 3.48 3.56  3.69 4.09 4.12 3.61 4.11 4.14 3.67 4.11 4.11  4.43 3.98 4.45  4.47 3.84 4.02  4.22 4.38 4.29 4.18 4.22 4.14 4.22  4.06 4.12 3.98 4.26 3.82  4.22 4.26 4.15 4.26 4.26  4.10 4.15 3.99 4.07 4.10 4.10 4.10 4.10  3.52 3.40 3.64  4.07 3.81  3.89 4.33 3.76 3.53 4.05 4.28 3.84 4.05 4.05  4.11 4.00 4.12 4.07 3.95 4.22 3.86 3.91  3.26 3.21 3.32  3.83 3.53 3.86  4.19 4.10 4.09  4.98 4.81 4.35 4.61 4.19 4.16 4.99 4.35  4.55 3.88 4.29
N2  3.75 3.69 3.80  3.96 3.87 3.96  4.10 4.26 4.15 4.13 4.21 4.18 4.00 4.25 4.49  4.17 4.26 4.34  4.07 4.27 4.18  4.04 4.27 4.21 4.31 4.22 4.27 4.17  3.96 4.11 4.16 4.12 4.12  4.16 4.48 4.25 4.26 4.26  4.15 4.16 4.07 4.25 4.04 4.07 4.02 4.10  3.96 3.64 4.00  3.85 3.87  4.06 4.01 4.09 4.02 4.33 4.22 3.88 4.06 4.38  4.23 4.11 3.99 4.27 4.19 4.24 4.10 4.26  3.39 3.40 3.38  4.00 3.80 3.94  4.23 4.19 4.17  4.19 3.77 4.58 4.46 4.61 4.14 4.19 4.17  4.06 4.37 4.42
P0  3.68 3.73 3.86  3.88 3.92 3.86  3.99 4.10 3.97 3.86 4.01 4.05 3.76 4.01 4.10  4.01 4.13 4.04  3.90 4.07 3.97  4.47 4.38 4.45 4.43 4.09 4.42 4.65  4.31 4.49 4.34 4.38 4.32  4.41 4.39 4.37 4.40 4.40  4.30 4.23 4.37 4.24 4.35 4.07 4.23 4.20  3.96 4.07 3.85  4.12 4.03  4.02 4.15 4.02 4.11 4.00 4.27 4.10 4.11 4.31  4.07 4.10 4.16 4.22 4.26 4.27 4.44 4.42  3.47 3.59 3.45  4.07 4.08 4.04  4.23 4.21 4.30  4.00 4.07 3.82 3.87 3.93 3.98 4.09 3.96  3.98 4.08 3.96
P1  3.77 3.80 3.77  3.83 3.83 3.91  3.99 4.18 4.01 3.84 4.01 4.05 4.12 4.01 4.13  3.92 3.92 3.95  3.88 4.14 3.89  4.40 4.30 4.49 4.43 4.57 4.31 4.42  4.36 4.37 4.35 4.43 4.35  4.35 4.19 4.41 4.40 4.70  4.23 4.29 4.23 4.16 4.14 4.38 4.16 4.24  3.86 3.81 3.87  4.03 4.06  4.08 4.13 3.90 3.94 4.11 4.45 3.87 4.11 4.29  3.98 4.05 4.28 4.08 4.13 4.11 4.30 4.19  3.48 3.55 3.45  3.94 4.11 4.13  4.29 4.17 4.23  3.87 4.14 3.69 3.78 3.93 3.78 3.91 3.79  3.91 4.03 3.86
Q0  4.32 3.89 3.84  4.20 4.28 4.00  4.71 4.40 4.36 4.13 4.37 4.67 4.37 4.37 4.37  4.79 4.65 4.52  4.47 4.45 4.27  4.40 4.38 4.53 4.46 4.40 4.16 4.40  4.27 4.50 4.25 4.54 4.16  4.46 4.36 4.45 4.36 4.36  4.27 4.35 4.52 4.48 4.30 4.30 4.30 4.30  3.97 3.89 4.06  4.02 4.08  4.65 4.07 4.41 4.24 4.22 4.22 4.22 4.22 4.22  4.35 4.58 4.61 4.11 4.30 4.57 4.29 4.33  3.51 3.67 3.63  3.73 4.16 4.18  4.39 4.50 4.56  4.25 4.31 4.30 4.49 4.87 3.77 4.30 4.30  4.85 4.33 4.36
Q1  4.08 3.90 3.95  4.18 4.49 4.16  4.44 4.68 4.36 4.26 4.37 4.39 4.42 4.37 4.41  4.15 4.60 4.45  4.19 4.50 4.29  4.40 4.22 4.56 4.44 4.40 4.34 4.40  4.55 4.41 4.24 4.28 4.15  4.55 4.36 4.44 4.36 4.36  4.72 4.28 4.42 4.28 4.30 4.30 4.15 4.30  4.14 4.33 4.01  4.15 4.13  4.07 4.50 4.30 4.24 4.22 4.22 4.23 4.22 4.22  4.41 4.25 4.39 4.50 4.40 4.28 4.80 4.17  3.65 3.67 3.59  4.20 4.13 3.98  4.26 4.66 4.24  3.91 3.72 4.07 4.56 4.30 4.44 4.72 4.30  4.00 4.45 4.62
Q2  3.75 3.81 3.73  4.06 4.17 4.01  4.29 4.39 4.26 4.12 4.37 4.41 4.22 4.37 4.37  4.40 4.39 4.19  4.07 4.15 4.12  4.83 4.28 4.40 4.29 4.40 4.32 4.40  4.39 4.22 4.15 4.15 4.19  4.34 4.30 4.30 4.36 4.36  4.39 4.05 4.36 4.31 4.03 4.30 3.85 4.30  4.24 3.76 4.09  4.02 3.90  4.41 4.30 3.95 4.18 4.22 4.19 4.21 4.22 4.22  3.90 4.20 4.42 4.23 4.18 4.32 4.30 3.97  3.51 3.58 3.63  4.08 4.07 4.06  4.12 4.55 4.14  4.03 4.78 4.07 4.14 4.07 4.13 4.37 4.18  4.39 4.21 4.19
Q3  4.00 3.60 3.87  4.11 3.72 4.19  4.23 4.45 4.27 4.25 4.46 4.52 4.19 4.37 4.64  4.14 4.35 4.41  3.97 3.89 4.17  4.30 4.45 4.41 4.44 4.40 4.31 4.40  4.22 4.12 4.20 4.24 4.23  4.09 4.42 4.45 4.01 4.36  4.19 4.39 4.18 4.45 4.26 4.30 4.51 4.30  3.88 3.53 4.02  4.11 3.94  4.24 4.24 4.18 4.33 3.86 4.38 4.09 4.22 4.22  4.24 4.10 4.29 4.37 4.23 4.21 4.14 4.28  3.59 3.43 3.61  4.17 3.70 4.17  4.33 4.32 4.23  3.83 4.07 4.38 4.10 4.50 4.29 4.68 4.22  4.28 4.34 4.42
Q4  3.89 3.89 3.89  4.30 4.11 4.17  4.37 4.37 4.30 4.29 4.37 4.37 4.37 4.37 4.37  4.40 4.40 4.51  4.31 4.22 4.22  4.40 4.40 4.40 4.52 4.40 4.40 4.40  4.27 4.27 4.27 4.27 4.27  4.98 4.36 4.52 4.36 4.36  4.30 4.30 4.30 4.30 4.30 4.30 4.30 4.30  4.05 4.05 4.33  4.00 4.11  4.22 4.22 4.22 3.86 4.22 4.22 4.22 4.22 4.22  4.39 4.28 4.28 4.28 4.28 4.28 4.28 4.28  3.59 3.72 3.59  4.01 3.62 4.17  4.76 4.37 4.37  4.30 4.30 4.30 4.30 4.30 4.30 4.30 4.30  4.74 4.40 4.50
Q5  3.89 3.89 3.89  4.07 3.95 4.39  4.37 4.37 4.44 4.29 4.37 4.37 4.37 4.37 4.37  4.39 4.40 4.17  4.24 4.22 4.45  4.40 4.40 3.97 4.63 4.40 4.50 4.40  4.27 4.34 4.36 4.27 4.27  3.63 4.36 4.58 4.36 4.36  4.30 4.30 4.30 4.30 4.30 4.30 4.30 4.30  4.09 4.28 4.22  4.27 4.45  4.22 4.22 4.19 4.38 4.22 4.22 4.22 4.22 4.22  3.93 4.52 4.28 4.28 4.19 4.28 4.28 4.28  3.72 3.69 3.66  4.01 4.31 4.07  4.34 4.37 4.47  4.30 4.30 4.30 4.30 4.30 4.30 4.30 4.30  4.61 4.14 4.48
Q6  3.89 3.89 3.89  3.84 3.84 4.09  4.37 4.26 4.47 4.30 4.37 4.37 4.37 4.37 4.37  4.55 3.90 4.33  4.28 4.22 3.96  4.40 4.40 4.42 4.24 4.40 4.53 4.40  4.27 4.20 4.26 4.02 4.27  4.15 4.36 4.20 4.36 4.36  4.30 4.23 4.30 4.18 4.30 4.30 4.30 4.30  3.94 3.84 3.88  4.10 3.87  4.22 4.23 4.21 4.09 4.22 4.22 4.22 4.22 4.22  4.36 4.25 4.28 4.37 4.24 4.12 3.71 4.28  3.66 3.55 3.50  4.11 3.99 3.82  4.19 4.37 4.30  4.30 4.30 4.30 4.36 4.30 5.33 4.30 4.30  4.60 4.54 4.16
Q7  3.89 3.89 3.89  4.11 4.11 4.11  4.37 4.37 4.37 4.37 4.37 4.37 4.37 4.37 4.37  4.40 4.40 4.40  4.22 4.22 4.22  4.40 4.40 4.40 4.40 4.40 4.40 4.40  4.27 4.27 4.27 4.27 4.27  4.36 4.36 4.40 4.36 4.36  4.30 4.30 4.30 4.30 4.30 4.30 4.30 4.30  4.05 4.05 4.06  4.11 4.11  4.22 4.22 4.22 4.22 4.22 4.22 4.22 4.22 4.22  4.28 4.28 4.28 4.28 4.28 4.28 4.28 4.28  3.59 3.59 3.59  4.01 4.01 4.01  4.39 4.37 4.37  4.30 4.30 4.30 4.30 4.30 4.30 4.30 4.30  4.40 4.40 4.40
Q8  3.89 3.89 3.89  4.11 4.11 4.10  4.37 4.37 4.37 4.42 4.37 4.37 4.37 4.37 4.37  4.40 4.40 4.67  4.22 4.22 4.22  4.40 4.40 4.40 4.56 4.40 4.40 4.40  4.27 4.27 4.50 4.27 4.27  4.41 4.36 4.47 4.36 4.36  4.30 4.30 4.30 4.30 4.30 4.30 4.30 4.30  4.05 4.05 4.38  4.31 4.29  4.22 4.22 4.22 4.22 4.22 4.22 4.22 4.22 4.22  4.28 4.28 4.28 4.28 4.28 4.28 4.28 4.28  3.59 3.19 3.65  4.01 3.55 3.93  4.35 4.37 4.37  4.30 4.30 4.30 4.30 4.30 4.30 4.30 4.30  4.40 4.40 4.17
R0  3.64 4.03 3.68  3.67 3.74 3.83  3.99 4.17 4.05 4.12 4.06 4.14 4.05 4.21 4.66  4.09 4.00 4.19  3.90 3.89 4.06  3.93 4.02 4.41 4.39 4.45 4.41 4.45  4.18 4.22 4.43 4.53 4.37  3.79 4.60 4.39 4.39 4.39  4.14 4.22 4.10 4.39 3.98 4.30 4.25 4.30  3.99 4.11 4.23  4.07 3.98  4.35 4.41 3.90 4.24 4.39 3.93 4.36 4.28 4.28  4.15 3.98 4.02 4.06 4.17 4.13 4.26 3.98  3.63 3.64 3.56  4.04 4.22 4.09  4.16 4.04 4.31  3.87 3.71 4.04 4.07 4.29 4.20 3.82 4.08  3.97 3.93 4.04
R1  3.88 3.88 3.86  3.68 3.69 3.65  4.14 4.13 4.08 4.09 4.27 4.09 3.94 4.14 4.63  4.06 3.78 4.12  3.82 4.08 3.95  4.20 4.07 4.47 4.32 4.45 4.54 4.45  4.52 4.35 4.38 4.33 4.68  4.38 4.39 4.32 4.39 4.39  4.64 4.30 4.27 4.06 4.30 4.30 3.91 4.30  4.10 4.00 4.11  4.10 4.05  4.58 4.25 4.20 4.10 4.28 4.52 4.25 4.28 4.28  3.98 4.20 4.05 4.09 4.26 3.99 4.74 4.19  3.63 3.54 3.54  4.16 4.29 3.98  4.21 4.41 4.33  3.89 4.10 3.92 4.00 4.18 3.96 3.72 4.10  3.88 3.90 4.11
R2  3.88 3.88 3.72  3.67 3.65 3.67  4.06 4.11 4.09 4.09 4.14 4.12 4.19 4.14 4.30  4.51 4.36 4.29  4.09 3.87 4.11  4.95 4.67 4.67 4.42 4.45 4.54 4.45  4.23 4.59 4.55 4.88 4.52  4.46 4.39 4.00 4.39 4.39  4.28 4.19 4.51 4.12 4.30 4.30 4.30 4.30  4.23 4.12 3.99  4.16 4.28  4.61 4.39 4.42 4.29 4.28 4.28 4.28 4.28 4.28  4.02 4.05 4.30 4.06 4.24 4.36 4.79 4.26  3.45 3.59 3.60  4.09 4.38 4.22  4.39 4.39 4.68  4.40 3.98 4.10 4.10 4.10 4.26 4.34 4.10  4.34 3.99 4.29
R3  3.92 3.66 3.78  3.67 3.77 3.73  4.08 4.20 4.12 4.12 4.01 4.29 4.06 4.14 4.23  3.98 4.08 4.14  4.02 4.46 4.14  4.15 4.23 4.60 4.32 4.45 4.20 4.45  4.56 4.43 4.35 4.76 4.62  4.29 4.39 4.34 4.39 4.39  4.11 4.36 4.36 4.30 4.20 4.30 4.30 4.30  4.03 4.07 4.27  4.22 4.08  4.11 4.50 4.23 4.37 4.28 4.28 4.37 4.28 4.28  4.06 4.09 4.06 4.41 4.29 4.57 4.73 3.86  3.69 3.62 3.53  4.17 4.27 4.06  4.29 4.33 4.18  4.22 3.86 4.39 3.76 4.10 4.45 3.78 4.07  3.95 4.00 4.26
R4  4.00 3.67 3.95  3.80 3.69 3.67  4.17 4.17 4.09 4.06 4.09 4.06 4.06 4.17 4.03  4.22 3.90 4.21  4.29 3.86 4.18  4.43 4.42 4.63 4.42 4.45 4.35 4.84  4.57 4.60 4.63 4.60 4.34  4.50 4.57 4.35 4.39 4.39  4.36 4.40 4.14 4.23 4.24 4.30 4.08 4.30  4.07 3.95 4.19  4.26 4.13  4.30 4.40 4.18 4.23 4.28 4.19 4.24 4.28 4.28  4.17 4.26 4.24 4.29 4.27 4.24 4.21 3.98  3.66 3.64 3.63  4.11 4.45 4.09  4.34 4.50 4.19  4.16 4.12 3.86 4.11 4.30 4.09 4.03 4.47  4.19 3.94 4.27
R5  4.31 3.88 3.78  3.92 3.66 3.72  4.13 4.26 4.25 4.19 4.22 4.07 4.36 4.14 4.26  4.40 4.10 4.24  4.11 4.06 4.36  4.45 4.93 4.72 4.66 4.45 4.53 4.45  4.52 5.05 4.53 4.63 4.52  4.62 4.39 4.63 4.39 4.39  4.30 4.49 4.30 4.54 4.30 4.30 4.30 4.30  4.12 4.22 4.24  4.27 4.11  4.57 4.28 4.32 4.21 4.28 4.28 4.12 4.28 4.28  4.13 3.99 4.36 4.57 4.24 5.32 4.88 4.01  3.54 3.56 3.59  4.06 4.42 4.26  4.44 4.58 4.65  4.41 4.33 4.10 4.22 4.10 4.46 4.23 4.10  4.35 4.41 4.14
R6  3.90 4.15 4.05  3.57 3.59 3.69  4.09 4.17 4.15 4.13 3.92 4.21 4.03 4.14 4.19  4.40 4.07 4.38  4.10 4.42 4.00  4.68 4.65 4.53 4.41 4.45 4.44 4.45  4.59 4.60 4.37 4.65 4.52  4.57 4.39 4.49 4.39 4.39  4.86 4.41 4.41 4.46 4.30 4.30 4.59 4.30  3.91 3.86 4.10  4.44 4.30  4.29 4.80 4.30 4.14 4.28 4.28 3.71 4.28 4.28  4.26 4.74 4.79 4.73 4.21 4.88 3.89 4.38  3.51 3.45 3.76  4.01 4.20 4.27  4.44 4.31 4.31  4.31 4.37 4.10 4.36 4.10 4.44 4.04 4.10  4.30 4.17 4.33
R7  3.64 3.88 4.01  3.74 3.73 3.71  4.08 4.11 4.12 4.12 4.14 4.06 3.95 4.14 4.14  4.01 4.08 3.92  4.03 3.93 3.79  4.45 4.63 4.50 4.23 4.45 4.18 4.45  4.52 4.79 4.16 4.55 4.52  4.42 4.39 4.36 4.39 4.39  4.30 4.17 4.30 4.43 4.30 4.30 4.30 4.30  3.97 3.91 4.26  4.42 4.19  4.33 4.17 3.97 4.28 4.28 4.28 4.28 4.28 4.28  3.98 4.19 4.26 3.86 3.98 4.01 4.38 4.26  3.67 3.55 3.51  4.19 4.50 4.14  4.05 4.21 4.22  3.76 3.65 4.10 3.58 4.65 3.72 4.10 4.10  4.28 4.21 3.86
S0  3.21 3.18 3.32  3.07 3.08 3.11  3.43 3.44 3.34 3.43 3.44 3.47 3.38 3.40 3.34  4.38 4.26 4.32  3.78 3.79 3.78  3.90 4.00 4.10 3.89 3.95 3.92 3.95  3.53 3.54 3.57 3.63 3.56  3.98 3.91 3.91 3.93 3.93  3.98 3.95 3.93 3.80 3.80 3.80 3.68 3.80  3.40 3.26 3.39  3.47 3.48  3.51 3.65 3.51 3.59 3.59 3.72 3.66 3.59 3.59  3.63 3.63 3.45 3.69 3.66 3.54 3.51 3.67  2.72 2.72 2.76  3.73 3.22 3.25  3.87 3.84 3.75  4.46 4.34 4.43 4.26 4.53 4.54 4.32 4.35  4.27 4.10 4.23
S1  3.24 3.13 3.40  2.96 3.01 3.08  3.37 3.44 3.40 3.34 3.34 3.60 3.34 3.23 3.09  4.24 4.13 4.40  3.80 3.76 3.78  3.95 3.98 3.98 3.84 3.95 3.82 3.95  3.46 3.59 3.63 3.74 3.45  4.02 4.00 3.87 3.93 3.93  3.78 3.86 3.72 3.76 3.88 3.80 3.46 3.80  3.21 3.21 3.40  3.59 3.55  3.67 3.67 3.58 3.43 3.72 3.69 3.55 3.59 3.19  3.64 3.54 3.59 3.62 3.64 3.56 3.45 3.55  2.72 2.75 2.75  3.21 3.16 3.60  3.83 3.96 3.79  4.18 4.32 4.44 4.37 4.53 4.39 4.38 3.76  4.16 4.16 4.28
S2  3.37 3.29 3.33  3.05 2.98 3.15  3.44 3.35 3.44 3.43 3.38 3.50 3.40 3.38 3.53  3.88 4.29 4.38  3.77 3.78 3.80  4.02 3.85 3.88 3.93 4.17 3.92 3.95  3.44 3.63 3.52 3.44 3.40  3.85 3.83 3.95 3.93 3.93  3.86 3.81 3.89 3.84 3.84 3.54 3.78 3.80  3.38 3.32 3.38  3.45 3.45  3.63 3.59 3.63 3.61 3.59 3.66 3.50 3.59 3.65  3.56 3.54 3.60 3.53 3.63 3.59 3.76 3.51  2.76 2.75 2.66  3.58 3.42 2.96  3.72 3.88 3.63  3.75 3.47 4.20 4.41 4.42 4.16 4.21 4.32  4.01 4.18 4.26
T0  4.09 3.94 3.89  3.86 3.89 3.88  4.27 4.28 3.71 3.90 3.90 3.91 3.64 3.90 3.90  4.64 4.44 4.39  4.24 4.15 4.31  4.49 4.63 4.64 4.60 4.49 4.29 4.49  4.19 4.21 4.17 4.22 3.94  4.48 4.91 4.36 4.47 4.47  4.30 4.17 4.64 4.27 4.29 4.29 4.24 4.29  3.92 3.83 4.00  4.07 3.94  3.73 4.20 4.08 4.17 4.01 4.01 4.11 4.01 4.01  4.04 4.16 4.09 4.17 4.11 4.06 4.01 4.19  3.73 3.21 3.58  4.47 3.93 3.91  4.32 4.32 4.40  4.91 4.08 3.59 4.18 4.43 4.39 4.74 4.43  4.38 4.46 4.29
T1  3.72 3.75 3.81  3.45 3.18 3.62  3.71 3.86 3.73 3.56 3.75 4.30 3.85 3.89 3.74  4.23 4.66 4.58  3.98 3.88 4.07  4.59 4.55 4.59 4.53 4.74 4.42 4.26  4.32 4.35 4.24 4.39 4.23  4.44 4.32 4.45 4.47 4.86  4.74 4.38 4.31 4.26 4.02 4.18 3.86 4.14  3.56 3.53 3.80  4.08 4.11  4.16 4.13 4.07 3.70 3.62 4.31 3.99 4.01 3.55  4.22 4.29 4.38 4.27 4.45 4.42 4.20 4.50  3.22 3.16 3.42  3.93 3.80 4.14  4.44 4.43 4.29  4.23 4.01 4.79 4.53 4.28 4.61 4.29 4.42  4.16 4.34 4.56
T2  3.84 3.93 3.85  3.70 3.78 3.84  4.04 3.83 4.00 4.08 4.06 3.97 3.90 4.04 3.48  4.53 4.31 4.57  4.10 4.12 4.05  4.40 4.35 4.40 4.33 4.47 4.39 4.65  4.42 4.21 4.04 3.87 4.04  4.44 4.38 4.46 4.20 4.39  4.35 4.37 4.32 4.35 4.31 4.17 4.12 4.56  3.96 3.86 3.94  4.04 4.13  4.18 3.98 4.06 4.17 4.17 4.07 3.82 4.01 3.93  4.09 3.98 4.22 4.06 4.09 4.26 4.27 4.14  3.25 3.60 2.96  3.91 4.14 3.60  4.15 4.22 4.28  4.90 4.23 4.71 4.61 4.56 4.58 4.77 4.13  4.38 4.19 4.40
V0  3.92 3.95 3.93  4.20 4.13 4.25  4.35 4.23 4.10 4.24 4.49 4.09 4.18 3.97 4.23  4.47 4.15 4.32  4.26 4.11 4.10  4.36 4.52 4.53 4.42 4.39 4.57 4.41  4.72 4.55 4.58 4.60 4.58  4.53 4.39 4.51 4.53 4.26  4.38 4.39 4.38 4.41 4.33 4.15 4.41 4.35  4.17 4.19 4.23  4.23 4.29  4.39 4.26 4.12 4.33 4.76 4.34 4.19 4.39 4.35  4.16 4.21 4.39 4.29 4.34 4.44 4.44 4.05  3.87 3.83 3.72  4.32 4.44 4.15  4.29 4.37 4.44  4.42 4.47 4.22 4.29 4.64 4.12 4.16 4.10  4.36 4.03 4.15
V1  3.87 4.01 3.99  4.20 4.11 4.27  4.41 3.97 4.30 4.26 4.23 4.00 4.19 4.23 4.23  4.29 4.36 4.24  4.17 4.39 4.22  4.89 4.38 4.51 4.46 4.82 4.49 4.51  4.57 4.40 4.52 4.54 4.49  4.43 4.33 4.36 4.42 4.58  4.43 4.50 4.28 4.23 4.53 4.35 4.42 4.35  4.08 4.10 4.19  4.21 4.17  4.50 4.66 4.55 4.32 4.37 4.37 4.37 4.37 4.37  4.04 4.41 4.39 4.33 4.50 4.58 4.31 4.21  3.84 3.96 3.88  4.32 4.43 4.22  4.37 4.23 4.39  4.17 4.17 4.72 4.12 4.51 4.49 4.34 4.26  4.14 4.58 4.09
V2  4.01 3.74 3.99  4.05 4.23 4.19  4.31 4.27 4.15 4.11 4.23 4.22 4.26 4.23 4.62  4.32 4.45 4.41  4.08 4.30 4.11  4.52 4.43 4.54 4.57 4.91 4.11 4.36  4.56 4.59 4.51 4.50 4.78  4.45 4.36 4.40 4.50 4.26  4.37 4.37 4.27 4.38 4.46 4.22 4.41 4.09  3.87 4.09 4.17  4.30 4.23  4.56 4.24 4.14 4.23 4.37 4.47 4.30 4.37 4.37  4.31 4.33 4.68 4.18 4.19 4.65 4.31 4.22  3.75 3.79 3.63  4.40 4.29 4.28  4.44 4.39 4.08  4.52 3.96 4.47 4.52 4.30 4.50 4.29 4.84  4.15 4.39 4.38
W0  4.53 4.09 3.76  4.74 5.06 4.85  4.95 4.54 4.36 4.45 4.75 4.16 5.22 4.75 4.75  5.03 4.96 4.89  4.34 4.34 4.02  4.26 4.66 4.29 4.53 4.43 4.43 4.43  3.86 4.26 3.93 4.33 4.11  4.53 5.08 4.43 4.45 4.45  4.37 4.39 4.86 4.71 4.81 4.53 4.38 4.53  4.32 4.98 4.19  4.00 3.87  4.25 3.91 4.03 3.83 4.30 4.30 4.30 4.30 4.30  3.87 3.89 4.40 4.22 4.16 4.41 4.31 3.76  4.46 4.18 3.75  4.91 4.23 4.90  4.42 4.17 4.52  5.36 5.17 5.29 5.13 5.61 5.20 5.75 5.29  5.04 4.74 4.99
W1  4.21 4.09 3.72  4.86 4.99 4.85  4.62 4.36 4.80 4.97 4.75 5.04 4.75 4.75 4.75  5.06 5.24 5.01  4.54 4.19 3.85  4.37 4.50 4.29 4.56 4.43 4.43 4.43  3.83 4.13 3.98 4.24 4.11  4.40 4.45 4.32 4.45 4.45  4.82 4.18 4.47 4.26 4.80 4.53 4.33 4.53  4.63 4.81 3.77  4.07 4.14  4.31 3.72 4.78 4.07 4.30 4.30 4.30 4.30 4.30  3.71 4.10 3.98 3.86 4.12 4.33 4.37 3.65  4.34 4.32 3.47  4.08 4.01 4.23  4.47 4.17 3.96  5.17 5.31 5.44 5.36 5.29 5.24 4.97 5.29  5.35 4.99 4.91
W2  4.09 4.09 4.61  4.98 4.83 4.92  4.75 4.81 4.52 4.60 4.75 4.75 4.75 4.75 4.75  5.03 4.90 4.90  3.75 4.40 4.21  4.43 4.46 4.30 4.23 4.43 4.55 4.43  4.11 4.38 3.86 4.11 4.11  4.57 4.45 4.47 4.45 4.45  4.53 4.19 4.53 4.53 4.53 4.53 4.53 4.53  4.36 4.35 4.58  3.82 3.69  4.30 4.07 4.07 4.38 4.30 4.30 4.30 4.30 4.30  4.04 3.92 4.10 4.39 3.86 4.10 4.10 4.10  4.43 4.44 4.20  3.59 4.79 4.71  4.22 4.72 4.47  5.29 5.44 5.29 5.29 5.29 4.98 5.29 5.29  4.69 4.88 5.05
W3  3.89 4.14 4.33  4.63 5.02 4.90  5.00 4.88 4.50 4.97 4.75 4.73 4.84 4.75 4.75  4.84 4.92 4.92  4.29 3.96 4.18  4.83 4.21 4.50 4.37 3.89 4.59 3.97  4.17 4.05 4.12 4.00 3.72  4.31 4.58 4.30 4.27 4.45  4.40 4.40 4.56 4.44 4.36 4.52 4.38 4.53  4.33 4.61 4.46  3.87 3.78  4.49 4.56 4.14 4.10 4.30 4.30 4.36 4.30 4.30  4.07 4.00 4.10 3.76 4.11 4.22 4.36 3.58  4.26 4.37 4.41  4.18 4.53 4.61  4.29 4.12 4.52  5.13 5.36 5.29 4.98 5.14 5.14 5.30 5.42  5.01 5.30 5.06
W4  4.09 4.09 3.85  4.60 4.83 4.99  4.75 4.75 4.52 4.71 4.75 4.75 4.75 4.75 4.75  4.85 4.61 5.28  4.45 4.21 4.22  4.43 4.08 4.56 4.70 4.43 4.25 4.43  4.11 4.18 4.06 4.11 4.11  4.29 4.45 4.31 4.45 4.45  4.53 4.53 4.53 4.66 4.53 4.53 4.53 4.53  4.68 4.19 4.61  3.93 3.93  4.87 4.30 4.07 4.50 4.30 4.30 4.30 4.30 4.30  4.29 4.18 4.10 4.10 4.30 4.10 4.10 4.65  4.53 4.53 4.42  4.43 4.28 4.56  4.64 4.51 4.30  5.61 5.29 5.29 5.14 5.29 5.29 5.29 5.29  4.77 4.80 5.24
W5  3.99 4.38 4.29  4.54 4.74 5.04  5.20 4.80 4.56 5.10 4.75 4.69 4.68 4.75 4.75  4.87 4.79 5.03  3.99 4.17 4.04  3.94 4.11 4.54 4.48 4.43 4.77 4.43  4.11 3.84 3.90 4.23 4.02  4.37 4.45 4.56 4.45 4.45  4.17 4.29 4.33 4.59 4.77 4.53 4.82 4.53  3.84 4.16 4.14  3.98 3.78  3.77 4.44 4.13 4.29 4.30 4.30 5.33 4.30 4.30  4.20 3.96 4.26 4.45 4.09 4.46 4.44 3.72  4.54 4.39 4.16  4.39 4.61 4.58  4.12 4.49 4.50  5.20 5.24 4.98 5.14 5.29 5.27 5.44 5.29  4.94 5.00 5.14
W6  4.00 4.09 3.91  4.72 4.81 4.78  5.15 4.53 4.88 4.82 4.75 4.75 4.75 4.75 4.75  5.22 4.94 4.93  4.22 4.21 4.20  4.43 4.34 4.64 4.39 4.43 5.18 4.43  4.11 4.18 4.11 4.44 4.11  4.50 4.45 4.49 4.45 4.45  5.07 4.56 4.57 4.72 4.53 4.53 5.02 4.53  4.18 4.99 4.19  4.09 3.91  4.30 4.72 4.37 4.68 4.30 4.30 4.30 4.30 4.30  3.82 3.72 4.34 3.78 4.03 4.23 4.04 4.10  4.32 4.38 4.21  4.74 4.29 4.77  4.16 4.34 4.29  5.75 4.97 5.29 5.30 5.29 5.44 5.68 5.29  5.24 5.28 5.11
W7  4.09 4.09 3.80  4.68 4.83 4.82  4.75 4.75 4.68 4.76 4.75 4.75 4.75 4.75 4.75  4.91 4.88 5.07  4.60 4.21 4.44  4.43 4.35 4.34 4.51 4.43 4.94 4.43  4.11 4.88 4.02 4.11 4.11  4.45 4.45 4.38 4.45 4.45  4.53 4.53 4.53 4.41 4.53 4.53 4.53 4.53  3.47 4.35 4.17  3.96 3.79  4.30 4.30 4.18 4.22 4.30 4.30 4.30 4.30 4.30  4.08 4.10 4.10 4.07 4.47 4.10 4.10 4.10  4.35 3.76 4.32  4.43 4.42 4.13  4.10 4.26 4.84  5.29 5.29 5.29 5.42 5.29 5.29 5.29 5.29  5.09 5.03 5.05
Y0  4.33 4.11 3.73  4.59 4.50 4.60  4.72 4.46 4.65 4.60 4.92 4.60 4.85 4.75 4.73  4.97 4.86 4.86  4.48 4.06 3.91  4.49 4.30 4.38 4.54 4.30 4.26 4.31  4.16 4.24 4.09 4.15 4.21  4.54 5.07 4.24 5.15 4.20  4.51 4.23 4.64 4.49 4.21 4.58 4.32 4.94  4.38 4.55 4.06  3.98 3.91  4.85 4.00 4.39 4.28 4.74 4.61 4.60 4.40 4.40  3.97 3.88 4.34 3.95 4.19 4.35 4.30 4.28  4.27 4.16 4.01  4.38 4.16 4.38  4.36 4.14 4.15  5.04 5.35 4.69 5.01 4.77 4.94 5.24 5.09  4.91 4.96 4.84
Y1  3.92 3.90 4.16  4.46 4.52 4.53  4.70 4.78 4.66 4.63 4.69 4.66 4.50 4.69 4.35  4.78 5.09 4.86  4.52 4.15 4.34  4.14 4.36 4.34 4.38 4.35 4.60 4.18  4.41 4.24 4.29 4.37 4.30  4.63 4.63 4.46 4.48 4.48  4.67 4.30 4.46 4.58 4.43 4.10 4.34 4.43  4.03 3.88 4.37  4.08 4.03  4.33 4.45 4.21 4.34 4.40 4.14 4.54 4.40 4.40  3.93 3.90 3.99 4.00 3.94 4.41 4.17 4.21  4.10 4.16 4.18  4.46 4.34 4.19  4.03 4.58 4.39  4.74 4.99 4.88 5.30 4.80 5.00 5.28 5.03  4.96 5.20 4.95
Y2  3.99 4.17 4.15  4.54 4.52 4.70  4.80 4.79 4.50 4.69 4.82 4.66 4.68 4.93 4.72  4.80 4.91 4.89  4.25 4.51 4.39  4.19 4.29 4.49 4.28 4.30 4.43 4.40  4.20 4.17 4.25 4.25 3.98  4.36 4.00 4.39 4.31 4.23  4.29 4.47 4.53 4.37 4.52 4.14 4.31 4.52  4.31 4.29 4.42  3.96 3.86  4.36 4.62 4.19 4.42 4.50 4.48 4.16 4.40 4.17  4.04 4.11 4.29 4.26 4.27 4.14 4.33 3.86  4.23 4.28 4.26  4.29 4.56 4.40  4.15 4.09 4.38  4.99 4.91 5.05 5.06 5.24 5.14 5.11 5.05  4.84 4.95 4.93

