     C0   C1   C2    D0   D1   D2    E0   E1   E2   E3   E4   E5   E6   E7   E8    F0   F1   F2    H0   H1   H2    I0   I1   I2   I3   I4   I5   I6    K0   K1   K2   K3   K4    L0   L1   L2   L3   L4    M0   M1   M2   M3   M4   M5   M6   M7    N0   N1   N2    P0   P1    Q0   Q1   Q2   Q3   Q4   Q5   Q6   Q7   Q8    R0   R1   R2   R3   R4   R5   R6   R7    S0   S1   S2    T0   T1   T2    V0   V1   V2    W0   W1   W2   W3   W4   W5   W6   W7    Y0   Y1   Y2 
C0  4.50 4.51 4.47  4.77 5.25 4.89  5.83 5.72 5.18 5.54 5.42 5.42 5.42 5.42 5.42  5.86 5.71 5.76  5.15 5.59 5.30  5.59 5.58 5.36 5.33 5.59 5.37 5.59  5.31 5.34 5.29 5.24 5.31  5.14 5.36 5.38 5.36 5.36  5.52 5.16 5.06 5.06 5.34 5.34 5.37 5.34  4.89 5.16 5.21  4.95 5.00  5.62 5.78 4.71 5.40 5.43 5.43 5.43 5.43 5.43  6.13 5.98 5.98 5.92 6.26 6.32 6.58 6.04  4.47 4.43 4.47  5.29 5.36 5.22  5.50 5.30 5.55  6.23 6.41 6.25 6.32 6.25 6.09 6.24 6.25  6.00 5.92 5.83
C1  4.51 4.52 4.49  4.85 5.00 5.10  5.42 5.42 4.74 5.31 5.42 5.46 5.42 5.42 5.42  5.62 5.68 5.72  5.27 5.24 5.52  5.59 5.59 5.48 5.70 5.59 5.64 5.59  5.31 5.01 5.37 5.31 5.31  5.48 5.36 5.38 5.36 5.36  5.34 5.71 5.03 5.18 5.34 5.34 5.34 5.34  4.76 4.97 4.96  4.95 5.14  5.43 5.69 4.93 5.46 5.43 5.43 5.43 5.43 5.43  5.63 5.98 5.98 5.69 5.95 5.98 6.10 5.98  4.52 4.54 4.46  5.29 5.26 5.11  5.51 5.31 5.46  6.25 6.25 6.25 6.17 6.25 6.18 6.25 6.25  5.91 6.50 5.95
C2  4.47 4.49 4.46  5.33 4.94 4.92  5.63 5.34 5.41 5.40 5.42 5.43 5.42 5.42 5.42  5.68 5.68 5.65  5.48 5.18 5.33  5.69 5.45 5.67 5.82 6.01 5.60 5.59  5.41 5.57 5.17 5.50 5.15  5.56 5.23 5.36 5.36 5.36  5.47 5.68 5.64 5.32 5.07 5.39 5.42 5.34  5.06 4.89 4.88  5.04 5.09  5.44 5.73 5.42 5.53 5.43 5.43 5.43 5.43 5.43  5.80 5.78 5.71 5.82 5.88 6.24 6.13 5.71  4.51 4.47 4.46  5.10 5.27 5.51  5.61 5.30 5.39  6.50 6.41 6.79 6.05 6.23 5.96 6.08 6.07  5.77 5.72 5.85

D0  4.77 4.85 5.33  5.44 5.56 5.69  5.79 6.36 5.70 5.83 6.15 5.83 6.15 5.93 5.78  6.18 6.15 6.33  5.85 6.07 5.71  6.29 6.08 5.97 5.67 5.98 5.98 5.98  5.69 5.63 5.70 6.02 5.68  5.80 5.80 5.82 5.77 5.77  5.72 6.18 5.72 5.83 5.84 5.64 5.56 5.81  5.35 5.38 5.70  5.19 5.40  5.58 6.18 5.68 5.95 5.68 5.63 5.91 5.87 5.87  6.24 6.12 5.88 6.23 6.04 6.36 6.30 6.09  4.92 4.87 5.07  5.40 5.72 5.62  5.69 5.90 5.81  6.73 6.69 7.00 6.57 6.75 6.59 6.94 6.60  6.30 6.18 6.29
D1  5.25 5.00 4.94  5.56 5.61 5.85  6.12 6.21 5.68 5.40 5.93 5.73 5.77 5.93 5.93  5.84 5.80 6.13  5.63 5.78 5.97  5.98 5.61 6.16 5.84 5.98 5.77 5.98  6.46 5.72 5.93 6.06 5.69  5.26 5.77 5.75 5.77 5.77  5.81 6.27 5.81 5.59 5.81 5.81 5.81 5.81  5.26 5.55 5.51  5.57 5.70  5.75 6.20 5.94 5.78 5.87 6.03 5.22 5.87 5.87  5.98 6.42 6.48 6.24 6.13 5.95 6.19 6.27  4.94 4.84 5.08  5.86 5.67 5.74  5.90 5.73 5.63  6.94 6.48 6.70 6.63 6.70 6.63 6.44 6.70  5.93 5.99 6.44
D2  4.89 5.10 4.92  5.69 5.85 5.66  5.92 6.01 6.10 6.13 6.04 6.15 5.83 5.93 5.78  6.16 6.13 6.27  5.86 5.95 5.79  6.05 5.97 6.05 6.11 5.98 5.70 6.47  5.70 5.82 5.78 6.28 5.91  5.80 5.87 6.02 5.77 5.77  5.88 5.88 6.31 5.97 5.42 5.68 5.55 5.81  5.66 5.58 5.66  5.44 5.37  6.15 6.13 6.04 6.11 5.84 6.00 5.69 5.87 5.77  6.23 6.12 6.33 6.15 6.25 6.28 6.13 6.17  4.89 4.86 5.33  5.72 5.62 5.81  5.68 5.73 5.72  6.81 6.46 6.49 6.66 6.96 6.80 6.55 6.89  6.27 6.52 6.31

E0  5.83 5.42 5.63  5.79 6.12 5.92  6.31 6.39 6.16 6.21 6.31 6.40 6.31 6.31 6.31  6.75 6.60 6.66  6.12 6.12 6.19  7.22 6.10 6.65 6.40 6.45 6.39 6.45  5.74 6.20 6.38 6.37 6.08  6.05 6.20 6.36 6.20 6.20  6.18 6.68 6.52 6.23 6.26 6.26 6.40 6.26  5.54 5.46 5.92  5.73 5.66  6.52 6.32 5.99 6.26 6.23 6.23 6.23 6.23 6.23  6.73 6.59 6.32 6.28 6.52 6.09 6.96 6.21  5.23 5.27 5.40  5.90 5.96 6.15  6.35 6.28 6.48  7.34 6.65 6.95 7.07 6.95 6.89 6.98 6.95  6.64 7.05 6.81
E1  5.72 5.42 5.34  6.36 6.21 6.01  6.39 5.98 6.40 6.01 6.31 6.41 6.32 6.31 6.31  6.64 6.50 6.58  6.46 6.14 6.31  7.02 6.42 6.55 6.80 6.45 5.85 6.45  6.05 5.96 5.95 6.16 6.17  6.21 6.22 6.20 6.20 6.20  6.50 6.42 6.51 6.17 6.26 6.26 6.15 6.26  6.25 6.32 5.83  5.79 5.76  6.30 6.21 6.24 6.38 6.23 6.23 6.09 6.23 6.23  6.61 6.85 6.44 6.65 6.67 6.48 6.25 6.53  5.48 5.41 5.35  6.58 6.05 6.20  6.33 6.25 5.94  6.79 6.70 6.70 6.93 6.95 6.45 6.92 6.95  6.96 6.65 6.62
E2  5.18 4.74 5.41  5.70 5.68 6.10  6.16 6.40 6.41 6.38 6.31 6.66 5.92 6.31 6.31  6.40 6.35 6.34  5.94 6.42 6.33  6.56 6.20 6.29 6.25 6.28 6.54 6.45  5.87 6.10 5.90 6.38 5.78  6.30 6.00 6.35 6.20 6.29  5.84 6.13 5.73 6.25 6.26 6.26 6.55 6.26  5.64 5.89 6.06  5.59 5.46  6.00 6.28 6.31 6.10 5.53 5.83 5.54 6.23 6.23  6.38 6.35 6.42 6.77 6.72 6.33 6.90 6.34  5.03 5.09 5.34  5.78 5.78 6.25  6.04 5.94 6.19  7.00 6.82 7.15 6.99 7.06 6.95 6.63 6.93  6.76 6.68 6.58
E3  5.54 5.31 5.40  5.83 5.40 6.13  6.21 6.01 6.38 6.45 6.58 6.23 6.23 6.31 6.57  6.58 6.47 6.40  6.25 6.12 6.26  6.77 6.50 6.59 6.26 5.92 6.64 6.45  5.99 6.18 6.14 6.32 6.22  6.38 6.11 6.20 6.27 6.29  6.46 6.24 6.50 6.20 6.50 6.13 6.10 6.26  5.77 5.72 5.99  5.63 5.54  6.31 6.35 6.18 6.53 6.20 6.07 6.05 6.23 6.35  6.69 6.83 6.50 6.46 6.73 6.81 6.61 6.57  5.14 5.14 5.43  5.97 5.87 5.86  5.96 6.10 6.32  6.90 7.21 6.50 7.06 7.38 7.15 6.70 6.67  6.90 6.52 6.65
E4  5.42 5.42 5.42  6.15 5.93 6.04  6.31 6.31 6.31 6.58 6.31 6.31 6.31 6.31 6.31  6.75 6.54 6.95  6.04 6.34 6.29  6.45 6.45 6.45 6.44 6.45 6.45 6.45  6.12 6.43 6.08 6.12 6.12  6.49 6.20 6.36 6.20 6.20  6.26 6.26 6.26 6.26 6.26 6.26 6.26 6.26  5.72 5.90 6.13  5.61 5.61  6.23 6.23 6.23 6.43 6.23 6.23 6.23 6.23 6.23  7.16 6.59 6.55 7.08 6.22 6.49 6.69 6.55  5.20 5.16 5.08  6.04 6.23 5.91  6.17 6.14 6.14  6.95 6.95 6.95 6.95 6.95 6.95 6.95 6.95  7.19 6.81 7.11
E5  5.42 5.46 5.43  5.83 5.73 6.15  6.40 6.41 6.66 6.23 6.31 6.31 6.12 6.31 6.31  6.69 6.36 6.83  5.89 6.23 6.43  6.45 6.16 6.17 6.45 6.45 6.57 6.45  5.81 6.30 6.39 6.60 5.89  6.25 6.20 5.91 6.20 6.20  6.26 6.25 6.26 6.05 6.26 6.26 6.26 6.26  6.16 5.91 5.77  6.24 5.72  6.35 6.36 6.86 6.41 6.23 6.23 6.23 6.23 6.23  6.62 6.89 6.94 6.74 6.48 6.39 6.74 6.85  5.38 5.53 5.56  5.80 6.02 6.00  6.15 5.73 6.06  7.13 6.60 6.95 7.39 6.95 7.65 6.95 6.95  6.77 6.72 6.67
E6  5.42 5.42 5.42  6.15 5.77 5.83  6.31 6.32 5.92 6.23 6.31 6.12 6.31 6.31 6.31  6.42 6.41 6.11  6.30 6.10 6.26  6.45 6.45 6.44 6.37 6.45 6.74 6.45  6.62 5.86 5.94 5.88 6.31  5.99 6.20 5.77 6.20 6.20  6.26 6.01 6.26 5.93 6.26 6.26 6.26 6.26  5.76 6.05 5.81  5.38 5.27  6.23 6.36 5.85 6.02 6.23 6.23 6.23 6.23 6.23  6.21 6.60 6.69 6.21 6.44 5.73 6.87 6.18  5.45 5.32 5.14  6.20 6.07 5.98  5.91 6.09 6.46  6.73 6.95 6.95 6.79 6.95 7.45 6.95 6.95  6.52 6.76 6.49
E7  5.42 5.42 5.42  5.93 5.93 5.93  6.31 6.31 6.31 6.31 6.31 6.31 6.31 6.31 6.31  6.54 6.54 6.54  6.20 6.20 5.96  6.45 6.45 6.45 6.45 6.45 6.45 6.45  6.12 6.43 5.95 6.12 6.12  6.20 6.20 6.09 6.20 6.20  6.26 6.26 6.26 6.26 6.26 6.26 6.26 6.26  5.99 5.90 6.11  5.61 5.61  6.23 6.23 6.23 6.23 6.23 6.23 6.23 6.23 6.23  6.33 6.55 6.55 6.55 6.07 6.55 6.55 6.55  5.28 5.12 4.81  6.04 6.44 6.06  6.11 6.14 6.14  6.95 6.95 6.95 6.95 6.95 6.95 6.95 6.95  7.37 6.81 6.93
E8  5.42 5.42 5.42  5.78 5.93 5.78  6.31 6.31 6.31 6.57 6.31 6.31 6.31 6.31 6.31  6.62 6.54 6.50  6.16 6.20 6.19  6.45 6.45 6.45 6.47 6.45 6.45 6.45  6.12 6.14 5.63 6.29 6.12  5.98 6.20 6.43 6.20 6.20  6.26 6.26 6.26 6.26 6.26 6.26 6.26 6.26  5.91 5.90 5.98  5.42 5.32  6.23 6.54 6.23 6.74 6.23 6.23 6.23 6.23 6.23  6.58 7.18 5.99 6.65 6.54 6.17 6.55 6.55  5.64 5.11 5.56  6.04 5.87 5.91  5.67 6.14 6.61  6.95 6.95 6.95 6.95 6.95 6.95 6.95 6.95  7.12 6.93 6.74

F0  5.86 5.62 5.68  6.18 5.84 6.16  6.75 6.64 6.40 6.58 6.75 6.69 6.42 6.54 6.62  6.77 6.75 6.81  6.33 6.47 6.54  7.34 6.75 6.82 6.65 6.88 6.96 7.01  6.49 6.29 6.54 6.61 6.31  6.49 6.59 6.58 6.49 6.30  6.59 6.39 6.33 6.38 6.37 6.26 6.50 6.31  6.09 6.04 6.35  6.10 6.00  6.68 6.40 6.66 6.62 6.47 6.29 6.29 6.47 6.47  6.68 7.08 7.01 6.80 6.82 7.28 6.87 7.11  5.54 5.39 5.65  6.55 6.39 6.24  6.47 6.33 6.64  7.30 7.68 7.36 7.48 7.02 7.56 7.49 7.61  6.93 7.10 6.84
F1  5.71 5.68 5.68  6.15 5.80 6.13  6.60 6.50 6.35 6.47 6.54 6.36 6.41 6.54 6.54  6.75 6.79 6.57  6.35 6.47 6.44  6.97 6.59 6.68 6.88 7.25 6.99 7.27  6.57 6.58 6.59 6.52 6.20  6.42 6.71 6.55 6.53 6.72  6.10 6.23 6.73 6.45 6.39 6.53 6.63 6.21  6.18 6.09 6.09  5.98 6.21  6.53 6.69 6.49 6.56 6.47 6.47 6.09 6.47 6.47  7.02 7.13 6.95 7.32 7.23 7.56 7.16 7.04  5.71 5.69 5.56  6.55 6.47 6.51  6.57 6.28 6.66  7.25 7.47 6.98 7.16 7.34 7.21 7.27 7.56  7.05 6.89 6.68
F2  5.76 5.72 5.65  6.33 6.13 6.27  6.66 6.58 6.34 6.40 6.95 6.83 6.11 6.54 6.50  6.81 6.57 6.74  6.43 6.63 6.42  7.12 6.63 6.79 6.83 6.71 6.68 6.86  6.72 6.32 6.46 6.69 6.28  6.54 6.31 6.57 6.61 6.57  6.61 6.41 6.51 6.41 6.67 6.33 6.44 6.50  6.26 6.23 6.31  6.06 5.93  6.71 6.48 6.37 6.51 6.37 6.79 6.16 6.47 6.30  6.83 7.12 6.99 7.19 6.97 6.71 6.82 6.76  5.70 5.68 5.58  6.46 6.54 6.45  6.59 6.53 6.54  7.24 7.34 7.32 7.32 7.22 7.19 7.21 7.44  7.16 6.80 6.92

H0  5.15 5.27 5.48  5.85 5.63 5.86  6.12 6.46 5.94 6.25 6.04 5.89 6.30 6.20 6.16  6.33 6.35 6.43  6.23 6.26 6.34  7.00 6.75 6.18 6.32 6.55 6.36 6.55  5.94 6.00 6.06 6.79 5.94  6.06 6.11 6.25 6.20 6.20  6.25 6.12 6.15 6.04 6.77 6.30 6.05 6.24  5.91 5.85 5.96  5.75 5.64  6.22 6.23 6.04 6.29 6.03 6.30 6.25 6.25 6.25  6.63 6.43 6.48 6.81 6.70 6.83 7.10 6.70  5.27 5.28 5.38  5.74 6.10 6.02  6.08 6.04 6.30  7.15 7.34 6.32 6.76 6.90 7.23 7.22 6.94  6.45 6.47 6.52
H1  5.59 5.24 5.18  6.07 5.78 5.95  6.12 6.14 6.42 6.12 6.34 6.23 6.10 6.20 6.20  6.47 6.47 6.63  6.26 6.29 6.51  6.55 6.49 6.30 6.64 6.55 6.76 6.55  6.15 6.06 5.96 6.25 6.15  6.26 6.20 6.36 6.20 6.20  6.24 6.28 6.56 5.83 6.24 6.24 6.24 6.24  6.26 5.67 5.95  5.79 5.62  6.49 6.41 6.11 6.14 6.25 6.25 6.25 6.25 6.25  6.90 7.26 6.72 6.50 6.53 6.69 6.79 6.64  5.41 5.41 5.34  6.07 6.12 5.92  6.31 6.16 6.11  6.92 6.73 6.64 6.76 6.92 7.14 6.92 6.92  6.78 6.73 6.46
H2  5.30 5.52 5.33  5.71 5.97 5.79  6.19 6.31 6.33 6.26 6.29 6.43 6.26 5.96 6.19  6.54 6.44 6.42  6.34 6.51 6.38  6.54 6.41 6.50 6.52 6.84 6.33 6.78  6.58 5.96 5.87 6.43 6.10  6.45 6.09 6.14 6.20 6.07  6.45 6.29 6.54 6.01 5.92 6.20 6.36 6.24  6.17 6.07 5.88  5.64 5.67  6.46 6.32 6.32 6.22 6.25 6.28 6.16 6.25 6.25  6.46 6.47 6.70 6.42 6.72 6.80 6.60 6.65  5.30 5.39 5.32  6.04 5.96 6.14  6.14 6.11 6.46  7.00 6.99 6.64 6.77 7.40 7.10 6.87 6.49  6.69 6.51 6.57

I0  5.59 5.59 5.69  6.29 5.98 6.05  7.22 7.02 6.56 6.77 6.45 6.45 6.45 6.45 6.45  7.34 6.97 7.12  7.00 6.55 6.54  6.90 6.68 6.89 6.70 6.90 6.69 6.90  6.52 6.58 5.96 6.56 6.52  6.89 6.53 6.62 6.53 6.53  6.68 6.58 7.01 6.34 6.52 6.52 6.73 6.52  6.57 6.25 6.45  6.25 6.04  6.46 6.46 6.29 6.46 6.46 6.46 6.46 6.46 6.46  6.47 6.83 7.75 7.29 7.02 6.93 6.93 6.93  5.78 5.62 5.45  6.56 6.19 6.53  6.87 6.87 6.78  7.59 7.40 7.36 7.82 7.36 6.83 7.36 7.36  7.19 6.72 7.21
I1  5.58 5.59 5.45  6.08 5.61 5.97  6.10 6.42 6.20 6.50 6.45 6.16 6.45 6.45 6.45  6.75 6.59 6.63  6.75 6.49 6.41  6.68 6.77 6.66 6.71 7.09 6.73 6.90  6.52 6.42 6.29 6.19 6.07  6.69 6.79 6.37 6.53 6.53  6.48 6.32 6.31 6.58 6.14 6.52 5.95 6.52  6.18 6.39 6.23  6.15 5.75  7.06 6.35 6.77 6.48 6.46 6.46 6.46 6.46 6.46  6.59 6.41 7.47 7.07 6.31 6.31 7.81 6.20  5.37 5.34 5.48  6.63 6.10 6.25  6.39 6.66 6.49  7.56 7.12 6.66 7.28 7.85 7.53 6.97 7.22  6.85 7.01 6.56
I2  5.36 5.48 5.67  5.97 6.16 6.05  6.65 6.55 6.29 6.59 6.45 6.17 6.44 6.45 6.45  6.82 6.68 6.79  6.18 6.30 6.50  6.89 6.66 7.16 7.06 7.29 6.61 7.29  6.63 6.79 6.50 6.89 6.67  6.27 6.35 6.40 6.53 7.00  6.83 6.47 6.65 6.74 7.22 7.05 6.23 6.52  5.98 6.03 6.18  6.13 6.05  6.45 6.53 6.36 6.48 6.46 6.06 6.26 6.46 6.46  6.99 7.07 7.10 7.27 6.81 7.40 7.26 6.58  5.35 5.48 5.65  6.26 6.55 6.43  6.62 6.17 6.66  7.26 7.26 7.61 7.49 6.77 7.81 7.84 7.44  6.80 7.36 6.93
I3  5.33 5.70 5.82  5.67 5.84 6.11  6.40 6.80 6.25 6.26 6.44 6.45 6.37 6.45 6.47  6.65 6.88 6.83  6.32 6.64 6.52  6.70 6.71 7.06 7.03 7.12 6.67 6.89  6.38 6.29 6.50 6.62 6.65  6.45 6.43 6.58 6.29 6.63  6.61 6.61 6.50 6.53 6.15 6.20 6.32 6.33  6.14 6.16 6.33  6.04 5.93  6.35 6.51 6.27 6.41 6.42 6.63 6.22 6.46 6.60  6.62 6.72 7.13 7.02 7.18 7.06 7.23 7.10  5.33 5.42 5.72  6.41 6.39 6.55  6.54 6.31 6.43  7.51 7.29 7.06 7.28 7.38 7.63 7.65 7.37  6.91 6.86 6.96
I4  5.59 5.59 6.01  5.98 5.98 5.98  6.45 6.45 6.28 5.92 6.45 6.45 6.45 6.45 6.45  6.88 7.25 6.71  6.55 6.55 6.84  6.90 7.09 7.29 7.12 6.90 6.77 6.90  6.52 6.20 6.88 6.52 6.52  6.74 6.53 6.83 6.53 6.53  6.52 6.52 6.52 6.39 6.52 6.52 6.52 6.52  6.25 6.25 6.25  6.45 6.28  6.46 6.46 6.46 6.46 6.46 6.46 6.46 6.46 6.46  6.93 6.93 6.93 6.93 6.93 6.93 6.93 6.93  5.49 5.49 5.76  6.47 7.14 7.02  7.13 7.15 6.64  7.36 7.36 7.36 7.12 7.36 7.36 7.36 7.36  6.96 6.92 6.41
I5  5.37 5.64 5.60  5.98 5.77 5.70  6.39 5.85 6.54 6.64 6.45 6.57 6.74 6.45 6.45  6.96 6.99 6.68  6.36 6.76 6.33  6.69 6.73 6.61 6.67 6.77 6.89 7.27  6.86 6.66 6.51 6.68 6.37  6.52 6.42 6.37 6.53 6.03  6.58 6.52 6.57 6.22 6.80 6.71 6.42 6.52  6.20 6.46 6.11  5.92 5.80  6.80 6.31 6.41 6.75 6.46 6.22 6.50 6.46 6.46  6.45 6.75 7.00 6.73 7.11 6.93 6.98 6.68  5.49 5.35 5.23  6.18 6.40 6.71  6.50 6.46 6.47  7.36 7.65 8.19 6.95 7.35 6.87 7.51 7.45  6.86 6.93 6.85
I6  5.59 5.59 5.59  5.98 5.98 6.47  6.45 6.45 6.45 6.45 6.45 6.45 6.45 6.45 6.45  7.01 7.27 6.86  6.55 6.55 6.78  6.90 6.90 7.29 6.89 6.90 7.27 6.90  6.52 6.52 6.77 6.52 6.52  6.39 6.53 6.62 6.53 6.53  6.52 6.52 6.52 6.52 6.52 6.52 6.52 6.52  6.34 6.25 6.21  5.97 6.06  6.46 6.46 6.46 6.46 6.46 6.46 6.46 6.46 6.46  6.93 6.93 6.93 6.93 6.72 6.93 6.93 6.93  5.49 5.49 5.49  6.47 6.00 6.65  6.76 6.61 6.40  7.36 7.36 7.36 6.89 7.36 7.36 7.36 7.36  6.71 7.37 7.01

K0  5.31 5.31 5.41  5.69 6.46 5.70  5.74 6.05 5.87 5.99 6.12 5.81 6.62 6.12 6.12  6.49 6.57 6.72  5.94 6.15 6.58  6.52 6.52 6.63 6.38 6.52 6.86 6.52  6.12 5.54 5.74 6.49 6.12  6.18 6.12 6.21 6.12 6.12  6.25 5.67 6.25 6.45 6.25 6.25 6.25 6.25  6.35 5.93 6.11  5.63 5.82  6.19 6.24 5.95 6.53 6.19 6.19 6.19 6.19 6.19  6.90 6.81 6.83 7.18 7.30 6.81 6.96 6.81  5.13 4.96 5.36  6.06 6.01 6.08  6.09 6.13 6.39  7.35 6.89 7.10 6.63 7.10 7.10 7.10 7.10  6.86 6.61 6.89
K1  5.34 5.01 5.57  5.63 5.72 5.82  6.20 5.96 6.10 6.18 6.43 6.30 5.86 6.43 6.14  6.29 6.58 6.32  6.00 6.06 5.96  6.58 6.42 6.79 6.29 6.20 6.66 6.52  5.54 5.54 6.12 6.55 6.44  6.16 6.12 6.14 6.12 6.12  5.91 6.58 6.31 5.86 6.02 6.25 6.16 6.25  5.75 5.43 6.02  5.75 5.59  6.07 5.96 5.98 6.25 6.19 6.34 6.20 6.19 6.19  6.67 6.47 6.81 6.88 6.65 6.85 6.98 6.80  5.07 5.13 5.30  6.01 6.04 5.86  6.15 6.23 5.95  6.74 7.04 7.52 7.01 7.04 6.93 6.75 7.02  6.65 6.63 6.61
K2  5.29 5.37 5.17  5.70 5.93 5.78  6.38 5.95 5.90 6.14 6.08 6.39 5.94 5.95 5.63  6.54 6.59 6.46  6.06 5.96 5.87  5.96 6.29 6.50 6.50 6.88 6.51 6.77  5.74 6.12 6.11 6.35 6.05  6.19 6.05 6.05 6.12 6.12  6.50 6.20 5.78 6.18 6.93 6.25 5.99 6.25  6.07 5.94 5.90  5.67 5.62  6.08 6.14 6.17 6.11 6.19 6.21 5.85 6.19 6.43  6.74 6.84 6.89 6.64 6.78 6.64 6.63 6.67  5.39 5.19 5.20  6.14 6.20 5.78  6.06 6.15 5.99  7.03 6.66 7.27 6.85 7.16 6.91 6.70 6.82  7.04 6.51 6.52
K3  5.24 5.31 5.50  6.02 6.06 6.28  6.37 6.16 6.38 6.32 6.12 6.60 5.88 6.12 6.29  6.61 6.52 6.69  6.79 6.25 6.43  6.56 6.19 6.89 6.62 6.52 6.68 6.52  6.49 6.55 6.35 6.12 6.12  6.10 6.12 6.10 6.12 6.12  6.56 6.08 6.73 6.63 6.25 6.25 6.53 6.25  6.72 6.22 5.74  5.84 5.88  6.73 6.01 6.06 6.62 6.19 6.19 6.29 6.19 6.19  6.37 7.19 6.87 6.72 7.00 6.00 6.53 6.53  4.97 5.15 5.80  6.44 6.00 6.28  6.31 6.06 6.04  7.47 7.51 7.10 7.36 7.10 7.57 7.90 7.10  6.77 6.77 6.68
K4  5.31 5.31 5.15  5.68 5.69 5.91  6.08 6.17 5.78 6.22 6.12 5.89 6.31 6.12 6.12  6.31 6.20 6.28  5.94 6.15 6.10  6.52 6.07 6.67 6.65 6.52 6.37 6.52  6.12 6.44 6.05 6.12 6.12  6.20 6.12 5.95 6.12 6.12  6.25 6.20 6.25 6.02 6.25 6.25 6.25 6.25  5.54 5.63 5.63  5.49 5.53  6.06 6.03 6.28 6.20 6.19 6.19 6.19 6.19 6.19  6.65 7.00 6.81 7.66 6.98 6.81 6.81 6.81  5.29 5.29 4.91  6.10 5.97 5.88  6.12 6.02 6.28  7.10 7.10 7.10 7.11 7.10 7.37 7.10 7.10  6.42 6.64 6.65

L0  5.14 5.48 5.56  5.80 5.26 5.80  6.05 6.21 6.30 6.38 6.49 6.25 5.99 6.20 5.98  6.49 6.42 6.54  6.06 6.26 6.45  6.89 6.69 6.27 6.45 6.74 6.52 6.39  6.18 6.16 6.19 6.10 6.20  6.56 6.22 6.52 6.25 6.27  6.18 6.22 6.12 6.18 6.16 6.27 6.04 6.12  5.92 5.76 6.03  5.90 5.67  6.05 6.13 6.25 6.24 6.79 6.18 5.97 6.18 6.10  6.65 6.81 6.40 6.77 6.60 6.63 7.00 6.51  5.11 5.19 5.33  6.17 6.23 5.95  6.08 6.18 6.32  6.93 7.20 6.90 7.04 7.25 7.24 7.02 7.17  6.81 6.87 6.62
L1  5.36 5.36 5.23  5.80 5.77 5.87  6.20 6.22 6.00 6.11 6.20 6.20 6.20 6.20 6.20  6.59 6.71 6.31  6.11 6.20 6.09  6.53 6.79 6.35 6.43 6.53 6.42 6.53  6.12 6.12 6.05 6.12 6.12  6.22 6.32 6.36 6.32 6.32  6.40 6.26 5.71 6.21 6.17 6.17 6.17 6.17  5.44 5.85 6.07  6.12 5.66  6.18 6.18 6.10 6.10 6.18 6.18 6.18 6.18 6.18  7.10 6.75 6.75 6.75 6.80 6.75 6.75 6.75  5.27 5.15 5.07  6.15 6.47 6.43  6.59 5.80 6.32  6.75 7.09 7.09 7.30 7.09 7.09 7.09 7.09  6.57 6.61 6.55
L2  5.38 5.38 5.36  5.82 5.75 6.02  6.36 6.20 6.35 6.20 6.36 5.91 5.77 6.09 6.43  6.58 6.55 6.57  6.25 6.36 6.14  6.62 6.37 6.40 6.58 6.83 6.37 6.62  6.21 6.14 6.05 6.10 5.95  6.52 6.36 6.54 6.14 6.22  6.24 6.11 6.37 6.23 6.20 6.13 6.01 6.17  5.82 5.69 6.10  5.78 5.79  6.37 6.17 6.12 6.33 6.42 6.13 5.96 6.16 6.42  6.49 6.68 6.90 6.91 6.87 7.09 6.73 6.64  5.12 5.21 5.11  6.02 6.20 6.12  6.21 6.16 6.30  7.13 7.11 7.19 7.12 7.20 6.96 7.15 6.86  6.79 6.68 6.62
L3  5.36 5.36 5.36  5.77 5.77 5.77  6.20 6.20 6.20 6.27 6.20 6.20 6.20 6.20 6.20  6.49 6.53 6.61  6.20 6.20 6.20  6.53 6.53 6.53 6.29 6.53 6.53 6.53  6.12 6.12 6.12 6.12 6.12  6.25 6.32 6.14 6.32 6.32  6.17 6.17 6.17 6.17 6.17 6.17 6.17 6.17  5.85 5.85 5.85  5.75 5.75  6.18 6.18 6.18 5.68 6.18 6.18 6.18 6.18 6.18  6.75 6.75 6.75 6.75 6.75 6.75 6.75 6.75  5.17 5.17 5.17  6.14 6.14 5.84  6.38 6.23 6.08  7.09 7.09 7.09 7.22 7.09 7.09 7.09 7.09  6.96 6.67 6.51
L4  5.36 5.36 5.36  5.77 5.77 5.77  6.20 6.20 6.29 6.29 6.20 6.20 6.20 6.20 6.20  6.30 6.72 6.57  6.20 6.20 6.07  6.53 6.53 7.00 6.63 6.53 6.03 6.53  6.12 6.12 6.12 6.12 6.12  6.27 6.32 6.22 6.32 6.32  6.17 6.17 6.17 6.17 6.17 6.17 6.17 6.17  5.85 5.85 5.85  5.75 5.35  6.18 6.18 6.18 6.18 6.18 6.18 6.18 6.18 6.18  6.75 6.75 6.75 6.75 6.75 6.75 6.75 6.75  5.17 5.17 5.17  6.14 6.10 5.96  6.45 6.58 5.82  7.09 7.09 7.09 7.09 7.09 7.09 7.09 7.09  6.62 6.67 6.47

M0  5.52 5.34 5.47  5.72 5.81 5.88  6.18 6.50 5.84 6.46 6.26 6.26 6.26 6.26 6.26  6.59 6.10 6.61  6.25 6.24 6.45  6.68 6.48 6.83 6.61 6.52 6.58 6.52  6.25 5.91 6.50 6.56 6.25  6.18 6.40 6.24 6.17 6.17  6.21 6.37 6.08 5.93 6.24 6.23 5.81 6.24  5.84 5.95 6.19  5.63 5.97  6.13 6.37 5.89 6.66 6.20 6.20 6.20 6.20 6.20  7.06 6.36 7.07 7.15 6.66 6.75 7.14 6.75  5.19 5.09 5.46  6.24 6.53 5.92  6.38 6.57 6.47  6.87 7.71 7.10 7.38 7.10 6.61 6.84 7.10  7.04 6.88 6.66
M1  5.16 5.71 5.68  6.18 6.27 5.88  6.68 6.42 6.13 6.24 6.26 6.25 6.01 6.26 6.26  6.39 6.23 6.41  6.12 6.28 6.29  6.58 6.32 6.47 6.61 6.52 6.52 6.52  5.67 6.58 6.20 6.08 6.20  6.22 6.26 6.11 6.17 6.17  6.37 6.49 6.24 6.48 5.78 5.66 6.55 6.24  5.83 6.11 6.09  5.78 5.77  5.78 6.35 6.41 6.29 6.20 6.20 6.17 6.20 6.20  6.64 6.43 6.32 6.68 7.05 6.48 6.84 6.93  5.65 5.09 5.70  5.93 6.27 6.21  6.41 6.28 6.14  7.25 7.04 7.35 7.14 7.10 6.89 7.34 7.10  6.68 6.52 6.74
M2  5.06 5.03 5.64  5.72 5.81 6.31  6.52 6.51 5.73 6.50 6.26 6.26 6.26 6.26 6.26  6.33 6.73 6.51  6.15 6.56 6.54  7.01 6.31 6.65 6.50 6.52 6.57 6.52  6.25 6.31 5.78 6.73 6.25  6.12 5.71 6.37 6.17 6.17  6.08 6.24 6.38 6.23 6.57 6.24 6.50 6.24  6.04 5.41 5.76  5.51 5.49  6.51 6.08 5.77 6.15 6.20 6.20 6.20 6.20 6.20  6.75 6.87 6.93 7.04 6.79 6.75 6.78 6.75  4.91 5.03 5.26  5.97 6.10 6.25  6.23 5.55 6.17  7.48 7.37 7.10 7.10 7.10 7.02 7.10 7.10  6.78 6.46 6.38
M3  5.06 5.18 5.32  5.83 5.59 5.97  6.23 6.17 6.25 6.20 6.26 6.05 5.93 6.26 6.26  6.38 6.45 6.41  6.04 5.83 6.01  6.34 6.58 6.74 6.53 6.39 6.22 6.52  6.45 5.86 6.18 6.63 6.02  6.18 6.21 6.23 6.17 6.17  5.93 6.48 6.23 5.82 6.87 6.56 5.91 6.24  5.66 5.76 6.05  5.60 5.72  6.70 6.03 5.99 6.25 6.20 6.20 6.13 6.20 6.20  6.68 6.14 6.51 6.79 6.29 6.64 6.78 7.08  5.02 5.12 5.05  6.03 6.33 6.18  6.21 6.25 6.38  6.98 7.28 7.36 6.69 7.16 7.14 7.05 7.18  6.49 6.78 6.76
M4  5.34 5.34 5.07  5.84 5.81 5.42  6.26 6.26 6.26 6.50 6.26 6.26 6.26 6.26 6.26  6.37 6.39 6.67  6.77 6.24 5.92  6.52 6.14 7.22 6.15 6.52 6.80 6.52  6.25 6.02 6.93 6.25 6.25  6.16 6.17 6.20 6.17 6.17  6.24 5.78 6.57 6.87 6.24 6.24 6.43 6.24  6.07 5.95 5.90  5.93 5.22  6.20 6.20 6.10 6.42 6.20 6.20 6.20 6.20 6.20  5.88 6.75 6.75 6.70 7.58 6.75 6.75 6.75  5.21 4.99 5.48  6.11 6.32 5.83  6.40 5.73 6.39  7.30 7.46 7.10 6.55 7.10 7.10 7.10 7.10  6.23 6.57 6.60
M5  5.34 5.34 5.39  5.64 5.81 5.68  6.26 6.26 6.26 6.13 6.26 6.26 6.26 6.26 6.26  6.26 6.53 6.33  6.30 6.24 6.20  6.52 6.52 7.05 6.20 6.52 6.71 6.52  6.25 6.25 6.25 6.25 6.25  6.27 6.17 6.13 6.17 6.17  6.23 5.66 6.24 6.56 6.24 6.24 6.24 6.24  5.95 5.95 6.15  6.11 5.49  6.20 6.20 6.20 6.20 6.20 6.20 6.20 6.20 6.20  6.75 6.75 6.75 6.75 6.75 6.75 6.75 6.75  5.21 5.21 5.25  6.11 6.28 5.56  5.99 6.19 6.25  7.10 7.10 7.10 6.51 7.10 7.10 7.10 7.10  6.69 5.96 6.47
M6  5.37 5.34 5.42  5.56 5.81 5.55  6.40 6.15 6.55 6.10 6.26 6.26 6.26 6.26 6.26  6.50 6.63 6.44  6.05 6.24 6.36  6.73 5.95 6.23 6.32 6.52 6.42 6.52  6.25 6.16 5.99 6.53 6.25  6.04 6.17 6.01 6.17 6.17  5.81 6.55 6.50 5.91 6.43 6.24 6.24 6.24  6.40 5.95 6.01  5.75 5.48  6.20 6.03 5.96 6.42 6.20 6.20 6.20 6.20 6.20  7.05 6.52 6.75 6.75 6.59 6.75 7.18 6.75  4.97 5.32 5.21  6.08 5.96 5.82  6.08 5.60 6.45  7.33 7.06 7.10 7.21 7.10 6.49 6.97 7.10  6.54 6.38 6.49
M7  5.34 5.34 5.34  5.81 5.81 5.81  6.26 6.26 6.26 6.26 6.26 6.26 6.26 6.26 6.26  6.31 6.21 6.50  6.24 6.24 6.24  6.52 6.52 6.52 6.33 6.52 6.52 6.52  6.25 6.25 6.25 6.25 6.25  6.12 6.17 6.17 6.17 6.17  6.24 6.24 6.24 6.24 6.24 6.24 6.24 6.24  5.95 5.95 5.95  5.67 5.67  6.20 6.20 6.20 6.20 6.20 6.20 6.20 6.20 6.20  6.75 6.75 6.75 6.75 6.75 6.75 6.75 6.75  5.21 5.21 5.21  6.11 6.06 6.34  6.25 6.19 6.11  7.10 7.10 7.10 7.10 7.10 7.10 7.10 7.10  6.75 6.57 6.32

N0  4.89 4.76 5.06  5.35 5.26 5.66  5.54 6.25 5.64 5.77 5.72 6.16 5.76 5.99 5.91  6.09 6.18 6.26  5.91 6.26 6.17  6.57 6.18 5.98 6.14 6.25 6.20 6.34  6.35 5.75 6.07 6.72 5.54  5.92 5.44 5.82 5.85 5.85  5.84 5.83 6.04 5.66 6.07 5.95 6.40 5.95  5.28 5.53 5.67  5.64 5.38  6.06 6.16 5.80 5.94 5.87 5.82 5.65 5.87 5.87  6.62 6.38 6.58 6.27 6.67 6.27 5.96 6.22  4.88 4.86 5.27  5.58 5.64 5.65  5.72 5.90 5.94  6.62 6.82 6.33 6.95 6.77 6.79 6.85 6.91  6.55 6.15 6.33
N1  5.16 4.97 4.89  5.38 5.55 5.58  5.46 6.32 5.89 5.72 5.90 5.91 6.05 5.90 5.90  6.04 6.09 6.23  5.85 5.67 6.07  6.25 6.39 6.03 6.16 6.25 6.46 6.25  5.93 5.43 5.94 6.22 5.63  5.76 5.85 5.69 5.85 5.85  5.95 6.11 5.41 5.76 5.95 5.95 5.95 5.95  5.53 5.11 5.76  5.50 5.80  6.14 5.90 5.83 5.93 5.87 5.63 5.25 5.87 5.87  6.46 6.13 6.38 6.37 6.04 6.68 6.07 6.11  5.12 4.90 5.17  6.02 5.97 5.68  5.73 5.77 5.73  6.55 6.41 6.65 6.70 6.35 6.34 6.58 6.65  6.23 6.10 6.45
N2  5.21 4.96 4.88  5.70 5.51 5.66  5.92 5.83 6.06 5.99 6.13 5.77 5.81 6.11 5.98  6.35 6.09 6.31  5.96 5.95 5.88  6.45 6.23 6.18 6.33 6.25 6.11 6.21  6.11 6.02 5.90 5.74 5.63  6.03 6.07 6.10 5.85 5.85  6.19 6.09 5.76 6.05 5.90 6.15 6.01 5.95  5.67 5.76 5.63  5.27 5.37  5.81 5.98 6.20 5.97 5.72 5.95 5.81 5.71 5.91  6.32 6.51 6.34 6.35 6.28 6.66 6.08 6.30  4.93 5.04 5.09  5.71 5.76 5.83  5.88 5.76 5.97  6.94 6.72 6.55 6.62 6.43 6.48 6.59 6.91  6.45 6.38 6.31

P0  4.95 4.95 5.04  5.19 5.57 5.44  5.73 5.79 5.59 5.63 5.61 6.24 5.38 5.61 5.42  6.10 5.98 6.06  5.75 5.79 5.64  6.25 6.15 6.13 6.04 6.45 5.92 5.97  5.63 5.75 5.67 5.84 5.49  5.90 6.12 5.78 5.75 5.75  5.63 5.78 5.51 5.60 5.93 6.11 5.75 5.67  5.64 5.50 5.27  5.19 5.30  5.83 5.99 5.69 5.64 6.04 5.91 5.58 5.72 5.63  6.22 5.91 6.17 6.26 6.18 6.64 6.33 5.89  4.93 4.81 5.02  5.46 5.73 5.63  5.92 5.58 5.86  6.74 6.50 6.23 6.56 6.63 6.47 6.34 6.79  6.25 5.93 6.15
P1  5.00 5.14 5.09  5.40 5.70 5.37  5.66 5.76 5.46 5.54 5.61 5.72 5.27 5.61 5.32  6.00 6.21 5.93  5.64 5.62 5.67  6.04 5.75 6.05 5.93 6.28 5.80 6.06  5.82 5.59 5.62 5.88 5.53  5.67 5.66 5.79 5.75 5.35  5.97 5.77 5.49 5.72 5.22 5.49 5.48 5.67  5.38 5.80 5.37  5.30 5.26  5.86 5.81 5.56 5.67 5.72 5.60 5.55 5.72 5.37  5.85 6.14 6.36 6.23 6.31 5.88 5.91 5.71  4.83 4.86 4.79  5.47 5.72 5.66  5.63 5.60 5.57  6.37 6.41 6.38 6.30 6.41 6.44 6.18 6.73  6.36 6.06 6.14

Q0  5.62 5.43 5.44  5.58 5.75 6.15  6.52 6.30 6.00 6.31 6.23 6.35 6.23 6.23 6.23  6.68 6.53 6.71  6.22 6.49 6.46  6.46 7.06 6.45 6.35 6.46 6.80 6.46  6.19 6.07 6.08 6.73 6.06  6.05 6.18 6.37 6.18 6.18  6.13 5.78 6.51 6.70 6.20 6.20 6.20 6.20  6.06 6.14 5.81  5.83 5.86  6.34 6.44 6.24 6.18 6.26 6.26 6.26 6.26 6.26  6.67 6.34 6.80 6.53 7.42 7.08 7.04 7.09  5.40 5.13 5.17  6.11 6.04 6.05  6.15 6.32 6.41  7.26 7.73 6.95 7.17 6.95 7.51 6.95 6.95  6.88 6.72 7.05
Q1  5.78 5.69 5.73  6.18 6.20 6.13  6.32 6.21 6.28 6.35 6.23 6.36 6.36 6.23 6.54  6.40 6.69 6.48  6.23 6.41 6.32  6.46 6.35 6.53 6.51 6.46 6.31 6.46  6.24 5.96 6.14 6.01 6.03  6.13 6.18 6.17 6.18 6.18  6.37 6.35 6.08 6.03 6.20 6.20 6.03 6.20  6.16 5.90 5.98  5.99 5.81  6.44 6.35 6.38 6.30 6.26 6.26 6.07 6.26 6.26  6.38 6.79 6.72 6.44 6.42 6.47 7.04 6.30  5.45 5.58 5.40  5.82 6.30 6.30  6.24 6.27 6.20  6.73 7.30 6.91 7.12 6.95 6.88 7.17 6.95  6.67 6.82 6.66
Q2  4.71 4.93 5.42  5.68 5.94 6.04  5.99 6.24 6.31 6.18 6.23 6.86 5.85 6.23 6.23  6.66 6.49 6.37  6.04 6.11 6.32  6.29 6.77 6.36 6.27 6.46 6.41 6.46  5.95 5.98 6.17 6.06 6.28  6.25 6.10 6.12 6.18 6.18  5.89 6.41 5.77 5.99 6.10 6.20 5.96 6.20  5.80 5.83 6.20  5.69 5.56  6.24 6.38 6.72 6.12 6.26 5.84 6.60 6.26 6.26  6.20 6.45 7.03 6.70 6.27 6.66 7.09 6.68  5.06 5.11 5.42  5.98 5.96 6.12  5.92 6.16 6.40  6.75 6.60 6.08 7.05 6.64 7.03 6.84 7.19  6.52 6.39 6.83
Q3  5.40 5.46 5.53  5.95 5.78 6.11  6.26 6.38 6.10 6.53 6.43 6.41 6.02 6.23 6.74  6.62 6.56 6.51  6.29 6.14 6.22  6.46 6.48 6.48 6.41 6.46 6.75 6.46  6.53 6.25 6.11 6.62 6.20  6.24 6.10 6.33 5.68 6.18  6.66 6.29 6.15 6.25 6.42 6.20 6.42 6.20  5.94 5.93 5.97  5.64 5.67  6.18 6.30 6.12 6.41 6.20 6.35 5.96 6.26 6.26  6.86 6.80 6.30 7.18 6.58 6.77 6.56 6.37  5.44 5.08 5.46  6.08 6.12 5.78  6.16 6.17 6.41  6.82 7.18 6.65 6.83 7.07 6.91 6.91 6.69  6.64 6.59 6.76
Q4  5.43 5.43 5.43  5.68 5.87 5.84  6.23 6.23 5.53 6.20 6.23 6.23 6.23 6.23 6.23  6.47 6.47 6.37  6.03 6.25 6.25  6.46 6.46 6.46 6.42 6.46 6.46 6.46  6.19 6.19 6.19 6.19 6.19  6.79 6.18 6.42 6.18 6.18  6.20 6.20 6.20 6.20 6.20 6.20 6.20 6.20  5.87 5.87 5.72  6.04 5.72  6.26 6.26 6.26 6.20 6.26 6.26 6.26 6.26 6.26  6.33 6.67 6.67 6.67 6.67 6.67 6.67 6.67  5.32 5.28 5.32  6.04 6.07 6.26  6.43 6.24 6.24  6.95 6.95 6.95 6.95 6.95 6.95 6.95 6.95  6.74 6.70 6.63
Q5  5.43 5.43 5.43  5.63 6.03 6.00  6.23 6.23 5.83 6.07 6.23 6.23 6.23 6.23 6.23  6.29 6.47 6.79  6.30 6.25 6.28  6.46 6.46 6.06 6.63 6.46 6.22 6.46  6.19 6.34 6.21 6.19 6.19  6.18 6.18 6.13 6.18 6.18  6.20 6.20 6.20 6.20 6.20 6.20 6.20 6.20  5.82 5.63 5.95  5.91 5.60  6.26 6.26 5.84 6.35 6.26 6.26 6.26 6.26 6.26  6.57 6.95 6.67 6.67 6.44 6.67 6.67 6.67  5.06 5.54 5.16  6.04 5.86 6.00  5.88 6.24 6.51  6.95 6.95 6.95 6.95 6.95 6.95 6.95 6.95  6.78 7.53 6.69
Q6  5.43 5.43 5.43  5.91 5.22 5.69  6.23 6.09 5.54 6.05 6.23 6.23 6.23 6.23 6.23  6.29 6.09 6.16  6.25 6.25 6.16  6.46 6.46 6.26 6.22 6.46 6.50 6.46  6.19 6.20 5.85 6.29 6.19  5.97 6.18 5.96 6.18 6.18  6.20 6.17 6.20 6.13 6.20 6.20 6.20 6.20  5.65 5.25 5.81  5.58 5.55  6.26 6.07 6.60 5.96 6.26 6.26 6.26 6.26 6.26  6.43 5.75 6.67 6.89 7.09 6.47 7.07 6.67  5.22 5.09 5.39  5.95 5.93 5.87  6.04 6.24 5.98  6.95 6.95 6.95 7.00 6.95 6.62 6.95 6.95  6.52 6.44 6.53
Q7  5.43 5.43 5.43  5.87 5.87 5.87  6.23 6.23 6.23 6.23 6.23 6.23 6.23 6.23 6.23  6.47 6.47 6.47  6.25 6.25 6.25  6.46 6.46 6.46 6.46 6.46 6.46 6.46  6.19 6.19 6.19 6.19 6.19  6.18 6.18 6.16 6.18 6.18  6.20 6.20 6.20 6.20 6.20 6.20 6.20 6.20  5.87 5.87 5.71  5.72 5.72  6.26 6.26 6.26 6.26 6.26 6.26 6.26 6.26 6.26  6.67 6.67 6.67 6.67 6.67 6.67 6.67 6.67  5.32 5.32 5.32  6.04 6.16 6.04  6.36 6.24 6.24  6.95 6.95 6.95 6.95 6.95 6.95 6.95 6.95  6.70 6.70 6.70
Q8  5.43 5.43 5.43  5.87 5.87 5.77  6.23 6.23 6.23 6.35 6.23 6.23 6.23 6.23 6.23  6.47 6.47 6.30  6.25 6.25 6.25  6.46 6.46 6.46 6.60 6.46 6.46 6.46  6.19 6.19 6.43 6.19 6.19  6.10 6.18 6.42 6.18 6.18  6.20 6.20 6.20 6.20 6.20 6.20 6.20 6.20  5.87 5.87 5.91  5.63 5.37  6.26 6.26 6.26 6.26 6.26 6.26 6.26 6.26 6.26  6.67 6.67 6.67 6.67 6.67 6.67 6.67 6.67  5.32 5.34 5.89  6.04 5.55 6.52  6.49 6.24 6.24  6.95 6.95 6.95 6.95 6.95 6.95 6.95 6.95  6.70 6.70 6.37

R0  6.13 5.63 5.80  6.24 5.98 6.23  6.73 6.61 6.38 6.69 7.16 6.62 6.21 6.33 6.58  6.68 7.02 6.83  6.63 6.90 6.46  6.47 6.59 6.99 6.62 6.93 6.45 6.93  6.90 6.37 6.84 6.37 6.65  6.65 7.10 6.49 6.75 6.75  7.06 6.64 6.75 6.68 5.88 6.75 7.05 6.75  6.62 6.46 6.32  6.22 5.85  6.67 6.38 6.20 6.86 6.33 6.57 6.43 6.67 6.67  7.25 6.95 7.66 6.95 7.14 7.53 7.13 7.22  5.83 5.99 5.77  6.45 6.66 6.23  6.45 6.50 6.59  7.35 7.52 7.45 7.36 7.65 7.60 7.40 7.88  7.34 6.83 7.09
R1  5.98 5.98 5.78  6.12 6.42 6.12  6.59 6.85 6.35 6.83 6.59 6.89 6.60 6.55 7.18  7.08 7.13 7.12  6.43 7.26 6.47  6.83 6.41 7.07 6.72 6.93 6.75 6.93  6.80 6.47 6.84 7.19 7.00  6.81 6.75 6.68 6.75 6.75  6.36 6.43 6.87 6.14 6.75 6.75 6.52 6.75  6.38 6.13 6.51  5.91 6.14  6.34 6.79 6.45 6.80 6.67 6.95 5.75 6.67 6.67  6.95 6.98 6.99 7.39 7.22 6.98 7.56 6.88  5.49 5.82 5.63  6.49 6.15 6.51  6.50 6.49 6.65  7.63 7.57 7.51 7.17 7.25 7.10 7.06 7.56  7.18 6.69 7.34
R2  5.98 5.98 5.71  5.88 6.48 6.33  6.32 6.44 6.42 6.50 6.55 6.94 6.69 6.55 5.99  7.01 6.95 6.99  6.48 6.72 6.70  7.75 7.47 7.10 7.13 6.93 7.00 6.93  6.83 6.81 6.89 6.87 6.80  6.40 6.75 6.90 6.75 6.75  7.07 6.32 6.93 6.51 6.75 6.75 6.75 6.75  6.58 6.38 6.34  6.17 6.36  6.80 6.72 7.03 6.30 6.67 6.67 6.67 6.67 6.67  7.66 6.99 7.20 7.04 7.04 7.17 7.01 7.24  6.06 5.62 6.04  6.35 6.56 6.20  6.96 7.04 6.80  8.05 7.56 7.56 8.10 7.56 7.63 7.37 7.56  7.48 7.45 7.48
R3  5.92 5.69 5.82  6.23 6.24 6.15  6.28 6.65 6.77 6.46 7.08 6.74 6.21 6.55 6.65  6.80 7.32 7.19  6.81 6.50 6.42  7.29 7.07 7.27 7.02 6.93 6.73 6.93  7.18 6.88 6.64 6.72 7.66  6.77 6.75 6.91 6.75 6.75  7.15 6.68 7.04 6.79 6.70 6.75 6.75 6.75  6.27 6.37 6.35  6.26 6.23  6.53 6.44 6.70 7.18 6.67 6.67 6.89 6.67 6.67  6.95 7.39 7.04 7.25 6.95 7.06 6.84 7.00  6.00 6.05 5.86  6.67 6.50 6.55  6.71 6.89 6.88  6.90 7.80 7.03 8.09 7.56 7.12 7.66 7.46  7.05 7.36 7.38
R4  6.26 5.95 5.88  6.04 6.13 6.25  6.52 6.67 6.72 6.73 6.22 6.48 6.44 6.07 6.54  6.82 7.23 6.97  6.70 6.53 6.72  7.02 6.31 6.81 7.18 6.93 7.11 6.72  7.30 6.65 6.78 7.00 6.98  6.60 6.80 6.87 6.75 6.75  6.66 7.05 6.79 6.29 7.58 6.75 6.59 6.75  6.67 6.04 6.28  6.18 6.31  7.42 6.42 6.27 6.58 6.67 6.44 7.09 6.67 6.67  7.14 7.22 7.04 6.95 7.22 7.31 7.50 7.29  5.78 5.75 5.85  6.54 6.43 6.70  6.83 6.86 6.48  7.57 7.51 7.76 7.48 7.23 7.82 8.10 8.02  7.10 7.45 7.39
R5  6.32 5.98 6.24  6.36 5.95 6.28  6.09 6.48 6.33 6.81 6.49 6.39 5.73 6.55 6.17  7.28 7.56 6.71  6.83 6.69 6.80  6.93 6.31 7.40 7.06 6.93 6.93 6.93  6.80 6.85 6.64 6.00 6.80  6.63 6.75 7.09 6.75 6.75  6.75 6.48 6.75 6.64 6.75 6.75 6.75 6.75  6.27 6.68 6.66  6.64 5.88  7.08 6.47 6.66 6.77 6.67 6.67 6.47 6.67 6.67  7.53 6.98 7.17 7.06 7.31 7.72 8.19 7.60  5.85 5.78 6.05  5.96 6.46 6.81  6.73 6.81 6.27  8.38 7.30 7.56 7.59 7.56 7.73 7.49 7.56  7.61 7.22 6.87
R6  6.58 6.10 6.13  6.30 6.19 6.13  6.96 6.25 6.90 6.61 6.69 6.74 6.87 6.55 6.55  6.87 7.16 6.82  7.10 6.79 6.60  6.93 7.81 7.26 7.23 6.93 6.98 6.93  6.96 6.98 6.63 6.53 6.80  7.00 6.75 6.73 6.75 6.75  7.14 6.84 6.78 6.78 6.75 6.75 7.18 6.75  5.96 6.07 6.08  6.33 5.91  7.04 7.04 7.09 6.56 6.67 6.67 7.07 6.67 6.67  7.13 7.56 7.01 6.84 7.50 8.19 7.99 7.52  5.50 5.68 5.86  6.46 6.48 6.39  6.85 6.57 6.66  7.85 7.41 7.56 8.07 7.56 7.62 7.36 7.56  7.45 7.33 7.31
R7  6.04 5.98 5.71  6.09 6.27 6.17  6.21 6.53 6.34 6.57 6.55 6.85 6.18 6.55 6.55  7.11 7.04 6.76  6.70 6.64 6.65  6.93 6.20 6.58 7.10 6.93 6.68 6.93  6.80 6.80 6.67 6.53 6.80  6.51 6.75 6.64 6.75 6.75  6.75 6.93 6.75 7.08 6.75 6.75 6.75 6.75  6.22 6.11 6.30  5.89 5.71  7.09 6.30 6.68 6.37 6.67 6.67 6.67 6.67 6.67  7.22 6.88 7.24 7.00 7.29 7.60 7.52 7.24  5.92 5.57 5.45  6.07 6.47 6.01  6.72 7.07 6.49  7.33 7.22 7.56 7.68 7.26 8.05 7.56 7.56  7.17 7.03 7.14

S0  4.47 4.52 4.51  4.92 4.94 4.89  5.23 5.48 5.03 5.14 5.20 5.38 5.45 5.28 5.64  5.54 5.71 5.70  5.27 5.41 5.30  5.78 5.37 5.35 5.33 5.49 5.49 5.49  5.13 5.07 5.39 4.97 5.29  5.11 5.27 5.12 5.17 5.17  5.19 5.65 4.91 5.02 5.21 5.21 4.97 5.21  4.88 5.12 4.93  4.93 4.83  5.40 5.45 5.06 5.44 5.32 5.06 5.22 5.32 5.32  5.83 5.49 6.06 6.00 5.78 5.85 5.50 5.92  4.49 4.46 4.49  5.17 5.21 5.55  5.37 5.19 5.38  6.24 5.94 6.18 6.15 5.99 6.19 6.19 6.19  5.92 5.72 5.92
S1  4.43 4.54 4.47  4.87 4.84 4.86  5.27 5.41 5.09 5.14 5.16 5.53 5.32 5.12 5.11  5.39 5.69 5.68  5.28 5.41 5.39  5.62 5.34 5.48 5.42 5.49 5.35 5.49  4.96 5.13 5.19 5.15 5.29  5.19 5.15 5.21 5.17 5.17  5.09 5.09 5.03 5.12 4.99 5.21 5.32 5.21  4.86 4.90 5.04  4.81 4.86  5.13 5.58 5.11 5.08 5.28 5.54 5.09 5.32 5.34  5.99 5.82 5.62 6.05 5.75 5.78 5.68 5.57  4.46 4.52 4.51  5.08 5.05 4.86  5.08 5.32 5.11  6.30 5.93 6.29 6.01 6.37 5.98 5.93 5.80  5.51 5.97 5.92
S2  4.47 4.46 4.46  5.07 5.08 5.33  5.40 5.35 5.34 5.43 5.08 5.56 5.14 4.81 5.56  5.65 5.56 5.58  5.38 5.34 5.32  5.45 5.48 5.65 5.72 5.76 5.23 5.49  5.36 5.30 5.20 5.80 4.91  5.33 5.07 5.11 5.17 5.17  5.46 5.70 5.26 5.05 5.48 5.25 5.21 5.21  5.27 5.17 5.09  5.02 4.79  5.17 5.40 5.42 5.46 5.32 5.16 5.39 5.32 5.89  5.77 5.63 6.04 5.86 5.85 6.05 5.86 5.45  4.49 4.51 4.45  5.00 5.24 5.55  5.44 5.01 5.43  5.93 5.83 6.03 6.02 6.16 6.13 6.12 6.01  5.87 5.93 5.73

T0  5.29 5.29 5.10  5.40 5.86 5.72  5.90 6.58 5.78 5.97 6.04 5.80 6.20 6.04 6.04  6.55 6.55 6.46  5.74 6.07 6.04  6.56 6.63 6.26 6.41 6.47 6.18 6.47  6.06 6.01 6.14 6.44 6.10  6.17 6.15 6.02 6.14 6.14  6.24 5.93 5.97 6.03 6.11 6.11 6.08 6.11  5.58 6.02 5.71  5.46 5.47  6.11 5.82 5.98 6.08 6.04 6.04 5.95 6.04 6.04  6.45 6.49 6.35 6.67 6.54 5.96 6.46 6.07  5.17 5.08 5.00  6.39 5.86 5.77  6.11 6.45 6.29  6.90 6.49 6.57 6.69 6.89 6.97 6.69 6.89  6.23 6.04 6.62
T1  5.36 5.26 5.27  5.72 5.67 5.62  5.96 6.05 5.78 5.87 6.23 6.02 6.07 6.44 5.87  6.39 6.47 6.54  6.10 6.12 5.96  6.19 6.10 6.55 6.39 7.14 6.40 6.00  6.01 6.04 6.20 6.00 5.97  6.23 6.47 6.20 6.14 6.10  6.53 6.27 6.10 6.33 6.32 6.28 5.96 6.06  5.64 5.97 5.76  5.73 5.72  6.04 6.30 5.96 6.12 6.07 5.86 5.93 6.16 5.55  6.66 6.15 6.56 6.50 6.43 6.46 6.48 6.47  5.21 5.05 5.24  5.86 6.05 5.81  6.27 6.25 6.34  6.62 7.01 7.06 6.71 6.86 7.08 6.96 6.64  6.63 6.44 6.56
T2  5.22 5.11 5.51  5.62 5.74 5.81  6.15 6.20 6.25 5.86 5.91 6.00 5.98 6.06 5.91  6.24 6.51 6.45  6.02 5.92 6.14  6.53 6.25 6.43 6.55 7.02 6.71 6.65  6.08 5.86 5.78 6.28 5.88  5.95 6.43 6.12 5.84 5.96  5.92 6.21 6.25 6.18 5.83 5.56 5.82 6.34  5.65 5.68 5.83  5.63 5.66  6.05 6.30 6.12 5.78 6.26 6.00 5.87 6.04 6.52  6.23 6.51 6.20 6.55 6.70 6.81 6.39 6.01  5.55 4.86 5.55  5.77 5.81 6.54  6.43 6.02 6.13  6.88 6.82 7.10 7.06 7.23 7.14 7.32 6.89  6.37 6.60 6.67

V0  5.50 5.51 5.61  5.69 5.90 5.68  6.35 6.33 6.04 5.96 6.17 6.15 5.91 6.11 5.67  6.47 6.57 6.59  6.08 6.31 6.14  6.87 6.39 6.62 6.54 7.13 6.50 6.76  6.09 6.15 6.06 6.31 6.12  6.08 6.59 6.21 6.38 6.45  6.38 6.41 6.23 6.21 6.40 5.99 6.08 6.25  5.72 5.73 5.88  5.92 5.63  6.15 6.24 5.92 6.16 6.43 5.88 6.04 6.36 6.49  6.45 6.50 6.96 6.71 6.83 6.73 6.85 6.72  5.37 5.08 5.44  6.11 6.27 6.43  6.68 6.08 6.27  7.27 6.96 7.18 6.93 7.19 7.13 6.98 7.33  6.60 6.69 6.77
V1  5.30 5.31 5.30  5.90 5.73 5.73  6.28 6.25 5.94 6.10 6.14 5.73 6.09 6.14 6.14  6.33 6.28 6.53  6.04 6.16 6.11  6.87 6.66 6.17 6.31 7.15 6.46 6.61  6.13 6.23 6.15 6.06 6.02  6.18 5.80 6.16 6.23 6.58  6.57 6.28 5.55 6.25 5.73 6.19 5.60 6.19  5.90 5.77 5.76  5.58 5.60  6.32 6.27 6.16 6.17 6.24 6.24 6.24 6.24 6.24  6.70 6.49 7.04 6.89 6.86 6.81 6.57 7.07  5.19 5.32 5.01  6.45 6.25 6.02  6.08 6.40 6.10  6.71 7.06 6.85 7.12 6.75 7.11 6.89 6.58  6.43 6.80 6.64
V2  5.55 5.46 5.39  5.81 5.63 5.72  6.48 5.94 6.19 6.32 6.14 6.06 6.46 6.14 6.61  6.64 6.66 6.54  6.30 6.11 6.46  6.78 6.49 6.66 6.43 6.64 6.47 6.40  6.39 5.95 5.99 6.04 6.28  6.32 6.32 6.30 6.08 5.82  6.47 6.14 6.17 6.38 6.39 6.25 6.45 6.11  5.94 5.73 5.97  5.86 5.57  6.41 6.20 6.40 6.41 6.24 6.51 5.98 6.24 6.24  6.59 6.65 6.80 6.88 6.48 6.27 6.66 6.49  5.38 5.11 5.43  6.29 6.34 6.13  6.27 6.10 6.38  7.39 7.44 6.93 6.96 7.14 7.08 6.96 7.24  6.78 6.65 6.70

W0  6.23 6.25 6.50  6.73 6.94 6.81  7.34 6.79 7.00 6.90 6.95 7.13 6.73 6.95 6.95  7.30 7.25 7.24  7.15 6.92 7.00  7.59 7.56 7.26 7.51 7.36 7.36 7.36  7.35 6.74 7.03 7.47 7.10  6.93 6.75 7.13 7.09 7.09  6.87 7.25 7.48 6.98 7.30 7.10 7.33 7.10  6.62 6.55 6.94  6.74 6.37  7.26 6.73 6.75 6.82 6.95 6.95 6.95 6.95 6.95  7.35 7.63 8.05 6.90 7.57 8.38 7.85 7.33  6.24 6.30 5.93  6.90 6.62 6.88  7.27 6.71 7.39  7.67 8.09 7.89 7.79 8.52 7.66 8.00 7.89  7.19 7.05 7.96
W1  6.41 6.25 6.41  6.69 6.48 6.46  6.65 6.70 6.82 7.21 6.95 6.60 6.95 6.95 6.95  7.68 7.47 7.34  7.34 6.73 6.99  7.40 7.12 7.26 7.29 7.36 7.65 7.36  6.89 7.04 6.66 7.51 7.10  7.20 7.09 7.11 7.09 7.09  7.71 7.04 7.37 7.28 7.46 7.10 7.06 7.10  6.82 6.41 6.72  6.50 6.41  7.73 7.30 6.60 7.18 6.95 6.95 6.95 6.95 6.95  7.52 7.57 7.56 7.80 7.51 7.30 7.41 7.22  5.94 5.93 5.83  6.49 7.01 6.82  6.96 7.06 7.44  8.09 7.38 7.79 7.77 7.89 7.94 8.26 7.89  7.94 7.44 7.59
W2  6.25 6.25 6.79  7.00 6.70 6.49  6.95 6.70 7.15 6.50 6.95 6.95 6.95 6.95 6.95  7.36 6.98 7.32  6.32 6.64 6.64  7.36 6.66 7.61 7.06 7.36 8.19 7.36  7.10 7.52 7.27 7.10 7.10  6.90 7.09 7.19 7.09 7.09  7.10 7.35 7.10 7.36 7.10 7.10 7.10 7.10  6.33 6.65 6.55  6.23 6.38  6.95 6.91 6.08 6.65 6.95 6.95 6.95 6.95 6.95  7.45 7.51 7.56 7.03 7.76 7.56 7.56 7.56  6.18 6.29 6.03  6.57 7.06 7.10  7.18 6.85 6.93  7.89 7.79 7.89 8.34 7.89 8.33 7.89 7.89  7.73 7.06 7.54
W3  6.32 6.17 6.05  6.57 6.63 6.66  7.07 6.93 6.99 7.06 6.95 7.39 6.79 6.95 6.95  7.48 7.16 7.32  6.76 6.76 6.77  7.82 7.28 7.49 7.28 7.12 6.95 6.89  6.63 7.01 6.85 7.36 7.11  7.04 7.30 7.12 7.22 7.09  7.38 7.14 7.10 6.69 6.55 6.51 7.21 7.10  6.95 6.70 6.62  6.56 6.30  7.17 7.12 7.05 6.83 6.95 6.95 7.00 6.95 6.95  7.36 7.17 8.10 8.09 7.48 7.59 8.07 7.68  6.15 6.01 6.02  6.69 6.71 7.06  6.93 7.12 6.96  7.79 7.77 8.34 7.73 7.67 7.51 8.07 7.65  7.63 7.49 7.35
W4  6.25 6.25 6.23  6.75 6.70 6.96  6.95 6.95 7.06 7.38 6.95 6.95 6.95 6.95 6.95  7.02 7.34 7.22  6.90 6.92 7.40  7.36 7.85 6.77 7.38 7.36 7.35 7.36  7.10 7.04 7.16 7.10 7.10  7.25 7.09 7.20 7.09 7.09  7.10 7.10 7.10 7.16 7.10 7.10 7.10 7.10  6.77 6.35 6.43  6.63 6.41  6.95 6.95 6.64 7.07 6.95 6.95 6.95 6.95 6.95  7.65 7.25 7.56 7.56 7.23 7.56 7.56 7.26  5.99 6.37 6.16  6.89 6.86 7.23  7.19 6.75 7.14  8.52 7.89 7.89 7.67 7.89 7.89 7.89 7.89  7.67 7.55 7.37
W5  6.09 6.18 5.96  6.59 6.63 6.80  6.89 6.45 6.95 7.15 6.95 7.65 7.45 6.95 6.95  7.56 7.21 7.19  7.23 7.14 7.10  6.83 7.53 7.81 7.63 7.36 6.87 7.36  7.10 6.93 6.91 7.57 7.37  7.24 7.09 6.96 7.09 7.09  6.61 6.89 7.02 7.14 7.10 7.10 6.49 7.10  6.79 6.34 6.48  6.47 6.44  7.51 6.88 7.03 6.91 6.95 6.95 6.62 6.95 6.95  7.60 7.10 7.63 7.12 7.82 7.73 7.62 8.05  6.19 5.98 6.13  6.97 7.08 7.14  7.13 7.11 7.08  7.66 7.94 8.33 7.51 7.89 7.19 7.64 7.89  7.45 7.45 7.45
W6  6.24 6.25 6.08  6.94 6.44 6.55  6.98 6.92 6.63 6.70 6.95 6.95 6.95 6.95 6.95  7.49 7.27 7.21  7.22 6.92 6.87  7.36 6.97 7.84 7.65 7.36 7.51 7.36  7.10 6.75 6.70 7.90 7.10  7.02 7.09 7.15 7.09 7.09  6.84 7.34 7.10 7.05 7.10 7.10 6.97 7.10  6.85 6.58 6.59  6.34 6.18  6.95 7.17 6.84 6.91 6.95 6.95 6.95 6.95 6.95  7.40 7.06 7.37 7.66 8.10 7.49 7.36 7.56  6.19 5.93 6.12  6.69 6.96 7.32  6.98 6.89 6.96  8.00 8.26 7.89 8.07 7.89 7.64 7.70 7.89  7.44 7.73 7.46
W7  6.25 6.25 6.07  6.60 6.70 6.89  6.95 6.95 6.93 6.67 6.95 6.95 6.95 6.95 6.95  7.61 7.56 7.44  6.94 6.92 6.49  7.36 7.22 7.44 7.37 7.36 7.45 7.36  7.10 7.02 6.82 7.10 7.10  7.17 7.09 6.86 7.09 7.09  7.10 7.10 7.10 7.18 7.10 7.10 7.10 7.10  6.91 6.65 6.91  6.79 6.73  6.95 6.95 7.19 6.69 6.95 6.95 6.95 6.95 6.95  7.88 7.56 7.56 7.46 8.02 7.56 7.56 7.56  6.19 5.80 6.01  6.89 6.64 6.89  7.33 6.58 7.24  7.89 7.89 7.89 7.65 7.89 7.89 7.89 7.89  7.15 7.50 7.86

Y0  6.00 5.91 5.77  6.30 5.93 6.27  6.64 6.96 6.76 6.90 7.19 6.77 6.52 7.37 7.12  6.93 7.05 7.16  6.45 6.78 6.69  7.19 6.85 6.80 6.91 6.96 6.86 6.71  6.86 6.65 7.04 6.77 6.42  6.81 6.57 6.79 6.96 6.62  7.04 6.68 6.78 6.49 6.23 6.69 6.54 6.75  6.55 6.23 6.45  6.25 6.36  6.88 6.67 6.52 6.64 6.74 6.78 6.52 6.70 6.70  7.34 7.18 7.48 7.05 7.10 7.61 7.45 7.17  5.92 5.51 5.87  6.23 6.63 6.37  6.60 6.43 6.78  7.19 7.94 7.73 7.63 7.67 7.45 7.44 7.15  7.52 7.19 7.08
Y1  5.92 6.50 5.72  6.18 5.99 6.52  7.05 6.65 6.68 6.52 6.81 6.72 6.76 6.81 6.93  7.10 6.89 6.80  6.47 6.73 6.51  6.72 7.01 7.36 6.86 6.92 6.93 7.37  6.61 6.63 6.51 6.77 6.64  6.87 6.61 6.68 6.67 6.67  6.88 6.52 6.46 6.78 6.57 5.96 6.38 6.57  6.15 6.10 6.38  5.93 6.06  6.72 6.82 6.39 6.59 6.70 7.53 6.44 6.70 6.70  6.83 6.69 7.45 7.36 7.45 7.22 7.33 7.03  5.72 5.97 5.93  6.04 6.44 6.60  6.69 6.80 6.65  7.05 7.44 7.06 7.49 7.55 7.45 7.73 7.50  7.19 7.13 7.17
Y2  5.83 5.95 5.85  6.29 6.44 6.31  6.81 6.62 6.58 6.65 7.11 6.67 6.49 6.93 6.74  6.84 6.68 6.92  6.52 6.46 6.57  7.21 6.56 6.93 6.96 6.41 6.85 7.01  6.89 6.61 6.52 6.68 6.65  6.62 6.55 6.62 6.51 6.47  6.66 6.74 6.38 6.76 6.60 6.47 6.49 6.32  6.33 6.45 6.31  6.15 6.14  7.05 6.66 6.83 6.76 6.63 6.69 6.53 6.70 6.37  7.09 7.34 7.48 7.38 7.39 6.87 7.31 7.14  5.92 5.92 5.73  6.62 6.56 6.67  6.77 6.64 6.70  7.96 7.59 7.54 7.35 7.37 7.45 7.46 7.86  7.08 7.17 7.06

#    C0   C1   C2    D0   D1   D2    E0   E1   E2   E3   E4   E5   E6   E7   E8    F0   F1   F2    H0   H1   H2    I0   I1   I2   I3   I4   I5   I6    K0   K1   K2   K3   K4    L0   L1   L2   L3   L4    M0   M1   M2   M3   M4   M5   M6   M7    N0   N1   N2    P0   P1    Q0   Q1   Q2   Q3   Q4   Q5   Q6   Q7   Q8    R0   R1   R2   R3   R4   R5   R6   R7    S0   S1   S2    T0   T1   T2    V0   V1   V2    W0   W1   W2   W3   W4   W5   W6   W7    Y0   Y1   Y2 
