# X range (from, step, n_bins) :
-180 15 24
# X range (from, step, n_bins) :
-180 15 24
# data:
# X range (from, step, n_bins) :
-180 15 24
# X range (from, step, n_bins) :
-180 15 24
# data:
 0  0     19
 0  1      0
 0  2      2
 0  3      0
 0  4      1
 0  5      0
 0  6      0
 0  7      0
 0  8      1
 0  9      1
 0 10      0
 0 11      1
 0 12      0
 0 13      0
 0 14      0
 0 15      0
 0 16      0
 0 17      2
 0 18      4
 0 19      3
 0 20     15
 0 21     81
 0 22    275
 0 23    179
 1  0     68
 1  1      9
 1  2      3
 1  3      2
 1  4      5
 1  5      1
 1  6      3
 1  7      1
 1  8      2
 1  9      1
 1 10      1
 1 11      1
 1 12      2
 1 13      3
 1 14     11
 1 15     26
 1 16     20
 1 17     16
 1 18     20
 1 19     43
 1 20    155
 1 21    821
 1 22   1732
 1 23    528
 2  0     43
 2  1      8
 2  2      4
 2  3      8
 2  4     12
 2  5      6
 2  6      2
 2  7      4
 2  8     10
 2  9     15
 2 10     14
 2 11     15
 2 12     27
 2 13     50
 2 14     43
 2 15     54
 2 16     23
 2 17     28
 2 18     56
 2 19    128
 2 20    382
 2 21   1202
 2 22   1293
 2 23    297
 3  0     43
 3  1     13
 3  2     10
 3  3      9
 3  4     12
 3  5      8
 3  6      5
 3  7     12
 3  8     16
 3  9     23
 3 10     27
 3 11     49
 3 12     70
 3 13    104
 3 14     74
 3 15     29
 3 16     19
 3 17     34
 3 18     46
 3 19    209
 3 20    592
 3 21   1003
 3 22    576
 3 23    127
 4  0     20
 4  1      4
 4  2      4
 4  3      5
 4  4      7
 4  5      6
 4  6      7
 4  7     12
 4  8     22
 4  9     51
 4 10     84
 4 11    126
 4 12    205
 4 13    155
 4 14     62
 4 15      7
 4 16     20
 4 17     24
 4 18     83
 4 19    257
 4 20    719
 4 21    920
 4 22    370
 4 23    100
 5  0     20
 5  1     11
 5  2     12
 5  3      8
 5  4      2
 5  5      8
 5  6     12
 5  7     12
 5  8     34
 5  9    159
 5 10    277
 5 11    612
 5 12    620
 5 13    177
 5 14     34
 5 15     28
 5 16     47
 5 17     59
 5 18    134
 5 19    329
 5 20    660
 5 21    715
 5 22    389
 5 23    114
 6  0     40
 6  1      6
 6  2      1
 6  3      0
 6  4      2
 6  5      3
 6  6      4
 6  7     14
 6  8    140
 6  9    769
 6 10   1210
 6 11   1905
 6 12    504
 6 13     30
 6 14     12
 6 15     88
 6 16    241
 6 17    176
 6 18    138
 6 19    302
 6 20    645
 6 21    979
 6 22    821
 6 23    210
 7  0     16
 7  1      0
 7  2      0
 7  3      0
 7  4      0
 7  5      0
 7  6      1
 7  7     20
 7  8   4040
 7  9  22516
 7 10   5296
 7 11    978
 7 12     24
 7 13      3
 7 14      0
 7 15      6
 7 16     12
 7 17      9
 7 18      9
 7 19    106
 7 20    822
 7 21   2566
 7 22   1497
 7 23    156
 8  0      0
 8  1      0
 8  2      0
 8  3      0
 8  4      0
 8  5      0
 8  6      1
 8  7     15
 8  8   2937
 8  9   7891
 8 10   1046
 8 11      6
 8 12      0
 8 13      0
 8 14      0
 8 15      0
 8 16      0
 8 17      2
 8 18      1
 8 19     22
 8 20    835
 8 21   1358
 8 22    193
 8 23      9
 9  0      0
 9  1      0
 9  2      1
 9  3      0
 9  4      1
 9  5      0
 9  6      0
 9  7      4
 9  8     33
 9  9     23
 9 10      1
 9 11      0
 9 12      0
 9 13      0
 9 14      0
 9 15      0
 9 16      0
 9 17      1
 9 18      0
 9 19      7
 9 20     35
 9 21     11
 9 22      1
 9 23      0
10  0      0
10  1      0
10  2      0
10  3      1
10  4      0
10  5      0
10  6      0
10  7      0
10  8      1
10  9      0
10 10      0
10 11      0
10 12      0
10 13      0
10 14      0
10 15      0
10 16      0
10 17      1
10 18      0
10 19      1
10 20      0
10 21      0
10 22      0
10 23      0
11  0      0
11  1      0
11  2      0
11  3      0
11  4      0
11  5      0
11  6      0
11  7      0
11  8      0
11  9      0
11 10      0
11 11      0
11 12      0
11 13      0
11 14      0
11 15      0
11 16      1
11 17      0
11 18      0
11 19      1
11 20      0
11 21      0
11 22      0
11 23      0
12  0      1
12  1      0
12  2      0
12  3      0
12  4      0
12  5      0
12  6      1
12  7      1
12  8      0
12  9      0
12 10      0
12 11      0
12 12      0
12 13      0
12 14      0
12 15      0
12 16      0
12 17      0
12 18      1
12 19      1
12 20      1
12 21      0
12 22      0
12 23      0
13  0      0
13  1      0
13  2      0
13  3      1
13  4      0
13  5      1
13  6      1
13  7      0
13  8      0
13  9      0
13 10      0
13 11      0
13 12      0
13 13      0
13 14      0
13 15      1
13 16      1
13 17      1
13 18      0
13 19      0
13 20      0
13 21      0
13 22      0
13 23      0
14  0      0
14  1      0
14  2      0
14  3      7
14  4      4
14  5      0
14  6      1
14  7      0
14  8      0
14  9      0
14 10      0
14 11      0
14 12      0
14 13      0
14 14      5
14 15     30
14 16      4
14 17      0
14 18      0
14 19      1
14 20      0
14 21      0
14 22      0
14 23      0
15  0      2
15  1      6
15  2     27
15  3     61
15  4      9
15  5      1
15  6      0
15  7      0
15  8      0
15  9      0
15 10      0
15 11      0
15 12      6
15 13     84
15 14    313
15 15    198
15 16     13
15 17      4
15 18      0
15 19      1
15 20      0
15 21      0
15 22      0
15 23      0
16  0      5
16  1      5
16  2      3
16  3      8
16  4      2
16  5      0
16  6      1
16  7      2
16  8      4
16  9      5
16 10      1
16 11     10
16 12     78
16 13    148
16 14     61
16 15     17
16 16      7
16 17      1
16 18      2
16 19      1
16 20      0
16 21      0
16 22      3
16 23      1
17  0      2
17  1      1
17  2      0
17  3      0
17  4      0
17  5      1
17  6      0
17  7      2
17  8      2
17  9      3
17 10      3
17 11     20
17 12     18
17 13      4
17 14      0
17 15      1
17 16      1
17 17      0
17 18      0
17 19      0
17 20      0
17 21      1
17 22      1
17 23      2
18  0      0
18  1      1
18  2      0
18  3      0
18  4      0
18  5      0
18  6      0
18  7      0
18  8      0
18  9      0
18 10      0
18 11      0
18 12      1
18 13      0
18 14      0
18 15      0
18 16      0
18 17      0
18 18      0
18 19      0
18 20      1
18 21      0
18 22      1
18 23      0
19  0      0
19  1      0
19  2      0
19  3      1
19  4      0
19  5      0
19  6      0
19  7      0
19  8      0
19  9      0
19 10      0
19 11      0
19 12      1
19 13      0
19 14      0
19 15      0
19 16      0
19 17      0
19 18      0
19 19      0
19 20      0
19 21      0
19 22      1
19 23      0
20  0      0
20  1      0
20  2      0
20  3      0
20  4      0
20  5      0
20  6      0
20  7      0
20  8      0
20  9      0
20 10      0
20 11      1
20 12      0
20 13      0
20 14      0
20 15      0
20 16      0
20 17      0
20 18      0
20 19      0
20 20      0
20 21      0
20 22      0
20 23      0
21  0      1
21  1      0
21  2      0
21  3      0
21  4      0
21  5      0
21  6      0
21  7      0
21  8      0
21  9      0
21 10      0
21 11      0
21 12      0
21 13      0
21 14      0
21 15      0
21 16      0
21 17      0
21 18      0
21 19      0
21 20      0
21 21      0
21 22      0
21 23      0
22  0      0
22  1      0
22  2      0
22  3      0
22  4      0
22  5      0
22  6      0
22  7      0
22  8      0
22  9      0
22 10      0
22 11      0
22 12      0
22 13      0
22 14      0
22 15      0
22 16      0
22 17      0
22 18      0
22 19      0
22 20      0
22 21      0
22 22      0
22 23      0
23  0      3
23  1      0
23  2      0
23  3      0
23  4      0
23  5      0
23  6      0
23  7      0
23  8      0
23  9      1
23 10      0
23 11      0
23 12      0
23 13      0
23 14      0
23 15      0
23 16      0
23 17      0
23 18      0
23 19      0
23 20      2
23 21      1
23 22      6
23 23      8
