# X range (from, step, n_bins) :
-180 15 24
# X range (from, step, n_bins) :
-180 15 24
# data:
 0  0      9
 0  1      2
 0  2      0
 0  3      0
 0  4      0
 0  5      0
 0  6      0
 0  7      0
 0  8      0
 0  9      0
 0 10      0
 0 11      1
 0 12      0
 0 13      0
 0 14      1
 0 15      1
 0 16      1
 0 17      3
 0 18      2
 0 19      4
 0 20      9
 0 21     13
 0 22     43
 0 23     62
 1  0     44
 1  1      2
 1  2      0
 1  3      0
 1  4      0
 1  5      0
 1  6      2
 1  7      0
 1  8      0
 1  9      1
 1 10      0
 1 11      0
 1 12      3
 1 13      5
 1 14      2
 1 15      2
 1 16      3
 1 17      8
 1 18     25
 1 19     32
 1 20     96
 1 21     80
 1 22    213
 1 23    263
 2  0     36
 2  1      8
 2  2      4
 2  3      1
 2  4      0
 2  5      1
 2  6      0
 2  7      1
 2  8      4
 2  9      3
 2 10      5
 2 11      5
 2 12     14
 2 13     10
 2 14     11
 2 15     13
 2 16      9
 2 17     13
 2 18     22
 2 19     70
 2 20    152
 2 21    142
 2 22    238
 2 23    149
 3  0     16
 3  1     10
 3  2      5
 3  3      1
 3  4      0
 3  5      0
 3  6      1
 3  7      6
 3  8      5
 3  9     18
 3 10     25
 3 11     47
 3 12     30
 3 13     41
 3 14     23
 3 15     11
 3 16      5
 3 17     19
 3 18     44
 3 19    119
 3 20    252
 3 21    290
 3 22    260
 3 23     89
 4  0      7
 4  1      5
 4  2      3
 4  3      4
 4  4      4
 4  5      2
 4  6      2
 4  7      6
 4  8     19
 4  9     29
 4 10     63
 4 11    108
 4 12     82
 4 13     75
 4 14     22
 4 15      5
 4 16      4
 4 17     13
 4 18     40
 4 19    154
 4 20    325
 4 21    251
 4 22    168
 4 23     42
 5  0     10
 5  1      2
 5  2      0
 5  3      1
 5  4      0
 5  5      1
 5  6      1
 5  7      5
 5  8     21
 5  9     36
 5 10     68
 5 11    162
 5 12    153
 5 13     50
 5 14      7
 5 15      7
 5 16     17
 5 17     17
 5 18     62
 5 19    153
 5 20    224
 5 21    190
 5 22    112
 5 23     46
 6  0     11
 6  1      1
 6  2      0
 6  3      0
 6  4      1
 6  5      0
 6  6      0
 6  7      3
 6  8     23
 6  9     82
 6 10    171
 6 11    214
 6 12     65
 6 13      4
 6 14      1
 6 15     12
 6 16     26
 6 17     34
 6 18     40
 6 19    108
 6 20    176
 6 21    168
 6 22    128
 6 23     74
 7  0      0
 7  1      0
 7  2      0
 7  3      0
 7  4      0
 7  5      0
 7  6      0
 7  7      8
 7  8    502
 7  9   1630
 7 10    475
 7 11    144
 7 12      1
 7 13      0
 7 14      0
 7 15      1
 7 16      0
 7 17      0
 7 18      1
 7 19     30
 7 20    222
 7 21    246
 7 22    178
 7 23     47
 8  0      0
 8  1      0
 8  2      0
 8  3      0
 8  4      0
 8  5      0
 8  6      1
 8  7      2
 8  8    426
 8  9    466
 8 10     59
 8 11      3
 8 12      0
 8 13      0
 8 14      0
 8 15      0
 8 16      0
 8 17      0
 8 18      0
 8 19      9
 8 20     92
 8 21     95
 8 22     14
 8 23      2
 9  0      0
 9  1      0
 9  2      0
 9  3      0
 9  4      0
 9  5      0
 9  6      0
 9  7      4
 9  8      2
 9  9      2
 9 10      0
 9 11      0
 9 12      0
 9 13      0
 9 14      0
 9 15      0
 9 16      0
 9 17      0
 9 18      0
 9 19      8
 9 20     11
 9 21      4
 9 22      0
 9 23      0
10  0      0
10  1      0
10  2      0
10  3      0
10  4      0
10  5      0
10  6      0
10  7      0
10  8      0
10  9      0
10 10      0
10 11      0
10 12      0
10 13      0
10 14      0
10 15      0
10 16      0
10 17      0
10 18      0
10 19      1
10 20      0
10 21      0
10 22      0
10 23      0
11  0      0
11  1      0
11  2      0
11  3      0
11  4      0
11  5      0
11  6      1
11  7      0
11  8      0
11  9      0
11 10      0
11 11      0
11 12      0
11 13      0
11 14      0
11 15      0
11 16      0
11 17      0
11 18      0
11 19      0
11 20      0
11 21      0
11 22      0
11 23      0
12  0      0
12  1      0
12  2      0
12  3      0
12  4      0
12  5      0
12  6      0
12  7      0
12  8      0
12  9      0
12 10      0
12 11      0
12 12      0
12 13      0
12 14      0
12 15      0
12 16      0
12 17      0
12 18      0
12 19      0
12 20      0
12 21      0
12 22      0
12 23      0
13  0      0
13  1      0
13  2      0
13  3      0
13  4      0
13  5      0
13  6      0
13  7      0
13  8      0
13  9      0
13 10      0
13 11      0
13 12      0
13 13      0
13 14      0
13 15      0
13 16      1
13 17      0
13 18      0
13 19      0
13 20      0
13 21      0
13 22      0
13 23      0
14  0      0
14  1      0
14  2      0
14  3      0
14  4      0
14  5      1
14  6      0
14  7      0
14  8      0
14  9      0
14 10      0
14 11      0
14 12      0
14 13      0
14 14      0
14 15      6
14 16      3
14 17      0
14 18      0
14 19      0
14 20      0
14 21      0
14 22      0
14 23      0
15  0      0
15  1      1
15  2     12
15  3      3
15  4      4
15  5      2
15  6      0
15  7      0
15  8      0
15  9      0
15 10      0
15 11      0
15 12      0
15 13     25
15 14     65
15 15     47
15 16      5
15 17      1
15 18      0
15 19      0
15 20      0
15 21      0
15 22      0
15 23      0
16  0      1
16  1      1
16  2      1
16  3      3
16  4      3
16  5      0
16  6      0
16  7      0
16  8      2
16  9      2
16 10      0
16 11      1
16 12     21
16 13     34
16 14     28
16 15      6
16 16      0
16 17      4
16 18      1
16 19      0
16 20      0
16 21      0
16 22      0
16 23      2
17  0      1
17  1      0
17  2      0
17  3      0
17  4      0
17  5      0
17  6      0
17  7      0
17  8      0
17  9      1
17 10      5
17 11      5
17 12      5
17 13      4
17 14      1
17 15      0
17 16      0
17 17      0
17 18      0
17 19      1
17 20      0
17 21      0
17 22      2
17 23      1
18  0      0
18  1      0
18  2      0
18  3      0
18  4      0
18  5      0
18  6      0
18  7      0
18  8      0
18  9      0
18 10      0
18 11      0
18 12      0
18 13      0
18 14      0
18 15      0
18 16      0
18 17      0
18 18      0
18 19      0
18 20      0
18 21      0
18 22      0
18 23      0
19  0      0
19  1      0
19  2      0
19  3      0
19  4      0
19  5      0
19  6      0
19  7      0
19  8      0
19  9      0
19 10      0
19 11      0
19 12      0
19 13      0
19 14      0
19 15      0
19 16      0
19 17      0
19 18      0
19 19      0
19 20      0
19 21      0
19 22      0
19 23      0
20  0      0
20  1      0
20  2      0
20  3      0
20  4      0
20  5      0
20  6      0
20  7      0
20  8      0
20  9      0
20 10      0
20 11      0
20 12      0
20 13      0
20 14      0
20 15      0
20 16      0
20 17      0
20 18      0
20 19      0
20 20      0
20 21      0
20 22      0
20 23      0
21  0      0
21  1      0
21  2      0
21  3      0
21  4      0
21  5      0
21  6      0
21  7      0
21  8      0
21  9      0
21 10      0
21 11      0
21 12      0
21 13      0
21 14      0
21 15      0
21 16      0
21 17      0
21 18      0
21 19      0
21 20      0
21 21      0
21 22      0
21 23      0
22  0      0
22  1      0
22  2      0
22  3      0
22  4      0
22  5      0
22  6      0
22  7      0
22  8      0
22  9      0
22 10      0
22 11      0
22 12      0
22 13      0
22 14      0
22 15      0
22 16      0
22 17      0
22 18      0
22 19      0
22 20      0
22 21      0
22 22      0
22 23      1
23  0      1
23  1      0
23  2      0
23  3      0
23  4      0
23  5      0
23  6      0
23  7      1
23  8      0
23  9      0
23 10      0
23 11      0
23 12      0
23 13      0
23 14      0
23 15      0
23 16      0
23 17      0
23 18      0
23 19      0
23 20      0
23 21      0
23 22      1
23 23      0
