# X range (from, step, n_bins) :
-180 15 24
# X range (from, step, n_bins) :
-180 15 24
# data:
 0  0     53
 0  1     10
 0  2      2
 0  3      1
 0  4      0
 0  5      0
 0  6      0
 0  7      0
 0  8      1
 0  9      1
 0 10      0
 0 11      0
 0 12      2
 0 13      4
 0 14      0
 0 15      1
 0 16      1
 0 17      3
 0 18     12
 0 19     14
 0 20      9
 0 21     21
 0 22     67
 0 23    134
 1  0    242
 1  1     35
 1  2      5
 1  3      0
 1  4      1
 1  5      0
 1  6      4
 1  7      2
 1  8      2
 1  9      1
 1 10      1
 1 11      0
 1 12      9
 1 13     23
 1 14     11
 1 15     18
 1 16     40
 1 17     57
 1 18    138
 1 19    115
 1 20    118
 1 21    161
 1 22    278
 1 23    402
 2  0    183
 2  1     51
 2  2      3
 2  3      1
 2  4      3
 2  5      4
 2  6      7
 2  7      7
 2  8      5
 2  9      7
 2 10      4
 2 11     19
 2 12     94
 2 13     97
 2 14     63
 2 15     58
 2 16     50
 2 17    111
 2 18    227
 2 19    262
 2 20    175
 2 21    160
 2 22    189
 2 23    240
 3  0    115
 3  1     36
 3  2      6
 3  3      2
 3  4      2
 3  5      3
 3  6     16
 3  7     12
 3  8     17
 3  9     12
 3 10     18
 3 11     84
 3 12    214
 3 13    229
 3 14    128
 3 15     28
 3 16     27
 3 17    100
 3 18    303
 3 19    350
 3 20    205
 3 21    202
 3 22    171
 3 23    113
 4  0     91
 4  1     30
 4  2     12
 4  3      4
 4  4      6
 4  5      3
 4  6     12
 4  7     17
 4  8     32
 4  9     67
 4 10    142
 4 11    257
 4 12    618
 4 13    565
 4 14    121
 4 15     23
 4 16     27
 4 17     80
 4 18    385
 4 19    568
 4 20    344
 4 21    314
 4 22    201
 4 23    130
 5  0    207
 5  1     28
 5  2      8
 5  3      2
 5  4      3
 5  5     11
 5  6      8
 5  7     18
 5  8     69
 5  9    301
 5 10    458
 5 11    872
 5 12   1832
 5 13    602
 5 14     83
 5 15     46
 5 16    109
 5 17    236
 5 18    675
 5 19    847
 5 20    430
 5 21    359
 5 22    237
 5 23    206
 6  0    465
 6  1     22
 6  2      4
 6  3      0
 6  4      0
 6  5      4
 6  6     13
 6  7     27
 6  8    147
 6  9    764
 6 10    948
 6 11   1789
 6 12   1190
 6 13     68
 6 14     32
 6 15    101
 6 16    360
 6 17    501
 6 18    724
 6 19    991
 6 20    571
 6 21    493
 6 22    442
 6 23    510
 7  0     40
 7  1      2
 7  2      0
 7  3      1
 7  4      0
 7  5      1
 7  6      3
 7  7     14
 7  8   1480
 7  9   8827
 7 10   2742
 7 11   1060
 7 12     75
 7 13      3
 7 14      0
 7 15      2
 7 16      9
 7 17     22
 7 18     88
 7 19    381
 7 20    809
 7 21   1199
 7 22    782
 7 23    230
 8  0      3
 8  1      0
 8  2      0
 8  3      0
 8  4      0
 8  5      1
 8  6      0
 8  7     13
 8  8   1522
 8  9   3170
 8 10    460
 8 11     14
 8 12      0
 8 13      0
 8 14      0
 8 15      0
 8 16      0
 8 17      3
 8 18      1
 8 19     75
 8 20    548
 8 21    633
 8 22     95
 8 23      2
 9  0      0
 9  1      0
 9  2      0
 9  3      0
 9  4      0
 9  5      1
 9  6      1
 9  7      7
 9  8     35
 9  9     12
 9 10      0
 9 11      0
 9 12      0
 9 13      0
 9 14      0
 9 15      1
 9 16      0
 9 17      0
 9 18      2
 9 19     13
 9 20     38
 9 21      4
 9 22      0
 9 23      0
10  0      0
10  1      0
10  2      0
10  3      0
10  4      0
10  5      0
10  6      0
10  7      4
10  8      0
10  9      0
10 10      2
10 11      1
10 12      0
10 13      0
10 14      0
10 15      0
10 16      0
10 17      0
10 18      0
10 19      4
10 20      1
10 21      0
10 22      0
10 23      0
11  0      0
11  1      0
11  2      0
11  3      0
11  4      1
11  5      0
11  6      1
11  7      1
11  8      0
11  9      1
11 10      0
11 11      0
11 12      0
11 13      0
11 14      0
11 15      0
11 16      0
11 17      0
11 18      1
11 19      0
11 20      1
11 21      0
11 22      0
11 23      0
12  0      0
12  1      0
12  2      0
12  3      0
12  4      0
12  5      0
12  6      0
12  7      1
12  8      0
12  9      0
12 10      0
12 11      0
12 12      0
12 13      0
12 14      0
12 15      0
12 16      0
12 17      0
12 18      0
12 19      0
12 20      0
12 21      0
12 22      0
12 23      0
13  0      0
13  1      0
13  2      0
13  3      0
13  4      0
13  5      0
13  6      0
13  7      1
13  8      0
13  9      0
13 10      0
13 11      0
13 12      0
13 13      0
13 14      1
13 15      0
13 16      5
13 17      1
13 18      0
13 19      0
13 20      0
13 21      0
13 22      0
13 23      0
14  0      0
14  1      0
14  2      0
14  3      5
14  4      6
14  5      1
14  6      0
14  7      0
14  8      0
14  9      0
14 10      0
14 11      0
14 12      0
14 13      1
14 14     12
14 15     83
14 16     17
14 17      0
14 18      0
14 19      0
14 20      1
14 21      0
14 22      0
14 23      1
15  0      0
15  1      3
15  2     18
15  3     83
15  4     24
15  5      5
15  6      1
15  7      1
15  8      0
15  9      0
15 10      0
15 11      0
15 12      3
15 13    151
15 14    954
15 15    629
15 16     53
15 17      4
15 18      2
15 19      0
15 20      1
15 21      0
15 22      0
15 23      0
16  0      9
16  1      7
16  2     10
16  3     12
16  4      4
16  5      2
16  6      4
16  7      7
16  8     10
16  9      3
16 10      7
16 11     27
16 12    196
16 13    351
16 14    248
16 15     56
16 16     20
16 17     14
16 18      2
16 19      0
16 20      2
16 21      3
16 22      6
16 23     10
17  0      1
17  1      0
17  2      0
17  3      0
17  4      0
17  5      1
17  6      0
17  7      3
17  8      6
17  9      2
17 10      6
17 11     29
17 12     36
17 13     15
17 14      1
17 15      1
17 16      0
17 17      2
17 18      2
17 19      4
17 20      1
17 21      5
17 22      4
17 23      5
18  0      1
18  1      0
18  2      0
18  3      1
18  4      0
18  5      0
18  6      0
18  7      0
18  8      0
18  9      1
18 10      2
18 11      3
18 12      2
18 13      0
18 14      0
18 15      0
18 16      0
18 17      0
18 18      0
18 19      1
18 20      2
18 21      0
18 22      0
18 23      1
19  0      0
19  1      0
19  2      0
19  3      0
19  4      0
19  5      0
19  6      0
19  7      0
19  8      1
19  9      1
19 10      1
19 11      0
19 12      0
19 13      0
19 14      0
19 15      0
19 16      0
19 17      0
19 18      0
19 19      1
19 20      0
19 21      0
19 22      0
19 23      0
20  0      0
20  1      0
20  2      0
20  3      0
20  4      0
20  5      0
20  6      0
20  7      0
20  8      1
20  9      1
20 10      4
20 11      0
20 12      0
20 13      0
20 14      0
20 15      0
20 16      0
20 17      0
20 18      0
20 19      0
20 20      0
20 21      0
20 22      0
20 23      0
21  0      0
21  1      0
21  2      0
21  3      0
21  4      0
21  5      0
21  6      0
21  7      0
21  8      0
21  9      5
21 10      0
21 11      0
21 12      1
21 13      0
21 14      0
21 15      0
21 16      0
21 17      0
21 18      0
21 19      0
21 20      0
21 21      0
21 22      0
21 23      0
22  0      1
22  1      0
22  2      0
22  3      0
22  4      0
22  5      0
22  6      0
22  7      0
22  8      0
22  9      0
22 10      1
22 11      0
22 12      0
22 13      0
22 14      0
22 15      0
22 16      1
22 17      0
22 18      0
22 19      0
22 20      0
22 21      0
22 22      0
22 23      0
23  0      2
23  1      1
23  2      0
23  3      0
23  4      1
23  5      0
23  6      1
23  7      0
23  8      0
23  9      0
23 10      0
23 11      0
23 12      0
23 13      0
23 14      0
23 15      0
23 16      0
23 17      0
23 18      0
23 19      0
23 20      0
23 21      0
23 22      2
23 23      5
