# X range (from, step, n_bins) :
-180 15 24
# X range (from, step, n_bins) :
-180 15 24
# data:
 0  0      7
 0  1      0
 0  2      1
 0  3      0
 0  4      0
 0  5      0
 0  6      0
 0  7      0
 0  8      0
 0  9      0
 0 10      0
 0 11      1
 0 12      1
 0 13      0
 0 14      0
 0 15      0
 0 16      1
 0 17      1
 0 18      2
 0 19      4
 0 20      4
 0 21     30
 0 22     41
 0 23     44
 1  0     17
 1  1      4
 1  2      0
 1  3      0
 1  4      1
 1  5      0
 1  6      1
 1  7      0
 1  8      1
 1  9      3
 1 10      0
 1 11      0
 1 12      1
 1 13      2
 1 14      4
 1 15      2
 1 16      1
 1 17      5
 1 18      7
 1 19     30
 1 20    153
 1 21    357
 1 22    397
 1 23    144
 2  0     23
 2  1      5
 2  2      1
 2  3      0
 2  4      0
 2  5      1
 2  6      1
 2  7      3
 2  8      4
 2  9      7
 2 10     15
 2 11      9
 2 12     13
 2 13     14
 2 14     19
 2 15     12
 2 16     12
 2 17     20
 2 18     37
 2 19    105
 2 20    477
 2 21    764
 2 22    710
 2 23    172
 3  0     13
 3  1      7
 3  2      6
 3  3      6
 3  4      4
 3  5      6
 3  6      3
 3  7     14
 3  8     35
 3  9     39
 3 10     55
 3 11     73
 3 12    110
 3 13     78
 3 14     48
 3 15     24
 3 16     21
 3 17     38
 3 18     64
 3 19    245
 3 20    726
 3 21    957
 3 22    550
 3 23    124
 4  0     13
 4  1      6
 4  2      2
 4  3      5
 4  4      6
 4  5      8
 4  6      8
 4  7     10
 4  8     41
 4  9    121
 4 10    198
 4 11    226
 4 12    269
 4 13    157
 4 14     44
 4 15      6
 4 16     10
 4 17     21
 4 18     82
 4 19    372
 4 20    868
 4 21    738
 4 22    324
 4 23    101
 5  0     21
 5  1      6
 5  2      2
 5  3      2
 5  4      0
 5  5      3
 5  6      5
 5  7     12
 5  8     88
 5  9    272
 5 10    380
 5 11    707
 5 12    657
 5 13    120
 5 14     14
 5 15     10
 5 16     40
 5 17     49
 5 18    141
 5 19    421
 5 20    760
 5 21    634
 5 22    318
 5 23    115
 6  0     20
 6  1      1
 6  2      1
 6  3      1
 6  4      1
 6  5      2
 6  6      3
 6  7     15
 6  8    231
 6  9    999
 6 10   1026
 6 11   1348
 6 12    346
 6 13     17
 6 14      5
 6 15     29
 6 16     90
 6 17     92
 6 18    124
 6 19    340
 6 20    767
 6 21    749
 6 22    523
 6 23    161
 7  0      2
 7  1      0
 7  2      1
 7  3      0
 7  4      2
 7  5      0
 7  6      0
 7  7     12
 7  8   2985
 7  9  16391
 7 10   3914
 7 11    994
 7 12     13
 7 13      5
 7 14      3
 7 15      1
 7 16      4
 7 17      1
 7 18     15
 7 19    107
 7 20    838
 7 21   1250
 7 22    555
 7 23     58
 8  0      0
 8  1      0
 8  2      0
 8  3      0
 8  4      0
 8  5      1
 8  6      1
 8  7     12
 8  8   2504
 8  9   4697
 8 10    760
 8 11     15
 8 12      0
 8 13      1
 8 14      0
 8 15      0
 8 16      1
 8 17      0
 8 18      4
 8 19     23
 8 20    660
 8 21    575
 8 22     79
 8 23      1
 9  0      0
 9  1      0
 9  2      0
 9  3      0
 9  4      1
 9  5      0
 9  6      1
 9  7      6
 9  8     40
 9  9     23
 9 10      0
 9 11      0
 9 12      0
 9 13      1
 9 14      0
 9 15      0
 9 16      0
 9 17      0
 9 18      2
 9 19      5
 9 20     31
 9 21      8
 9 22      1
 9 23      0
10  0      0
10  1      0
10  2      0
10  3      0
10  4      0
10  5      0
10  6      0
10  7      1
10  8      1
10  9      0
10 10      0
10 11      0
10 12      0
10 13      0
10 14      0
10 15      0
10 16      1
10 17      0
10 18      1
10 19      1
10 20      1
10 21      0
10 22      0
10 23      0
11  0      0
11  1      0
11  2      0
11  3      0
11  4      0
11  5      0
11  6      0
11  7      1
11  8      0
11  9      0
11 10      0
11 11      0
11 12      0
11 13      0
11 14      0
11 15      0
11 16      0
11 17      0
11 18      0
11 19      0
11 20      0
11 21      0
11 22      0
11 23      0
12  0      0
12  1      0
12  2      0
12  3      0
12  4      0
12  5      0
12  6      0
12  7      0
12  8      0
12  9      0
12 10      0
12 11      0
12 12      0
12 13      0
12 14      0
12 15      0
12 16      1
12 17      0
12 18      0
12 19      0
12 20      0
12 21      0
12 22      0
12 23      0
13  0      0
13  1      0
13  2      0
13  3      0
13  4      0
13  5      1
13  6      0
13  7      0
13  8      0
13  9      0
13 10      0
13 11      0
13 12      0
13 13      0
13 14      0
13 15      0
13 16      1
13 17      1
13 18      0
13 19      0
13 20      0
13 21      0
13 22      0
13 23      0
14  0      1
14  1      0
14  2      0
14  3      1
14  4      2
14  5      0
14  6      0
14  7      0
14  8      0
14  9      0
14 10      0
14 11      0
14 12      1
14 13      0
14 14      4
14 15     31
14 16     10
14 17      0
14 18      0
14 19      0
14 20      0
14 21      0
14 22      0
14 23      0
15  0      1
15  1      2
15  2      3
15  3     32
15  4      5
15  5      1
15  6      2
15  7      0
15  8      0
15  9      1
15 10      0
15 11      0
15 12      3
15 13     72
15 14    338
15 15    212
15 16     15
15 17      3
15 18      0
15 19      0
15 20      1
15 21      0
15 22      0
15 23      1
16  0      2
16  1      2
16  2      3
16  3      3
16  4      1
16  5      1
16  6      1
16  7      1
16  8     12
16  9     10
16 10      1
16 11     11
16 12     76
16 13    132
16 14     80
16 15     29
16 16      8
16 17      2
16 18      1
16 19      3
16 20      2
16 21      1
16 22      0
16 23      3
17  0      0
17  1      0
17  2      0
17  3      0
17  4      0
17  5      1
17  6      0
17  7      2
17  8      9
17  9      0
17 10      4
17 11     22
17 12     19
17 13      5
17 14      1
17 15      0
17 16      2
17 17      0
17 18      2
17 19      7
17 20      2
17 21      1
17 22      0
17 23      0
18  0      0
18  1      0
18  2      0
18  3      0
18  4      0
18  5      0
18  6      0
18  7      0
18  8      1
18  9      1
18 10      0
18 11      0
18 12      1
18 13      0
18 14      0
18 15      0
18 16      0
18 17      0
18 18      0
18 19      1
18 20      0
18 21      1
18 22      0
18 23      0
19  0      0
19  1      0
19  2      0
19  3      0
19  4      0
19  5      0
19  6      0
19  7      0
19  8      1
19  9      0
19 10      0
19 11      2
19 12      0
19 13      0
19 14      0
19 15      0
19 16      0
19 17      0
19 18      0
19 19      1
19 20      0
19 21      0
19 22      1
19 23      0
20  0      0
20  1      0
20  2      0
20  3      0
20  4      1
20  5      0
20  6      0
20  7      0
20  8      0
20  9      0
20 10      0
20 11      0
20 12      0
20 13      0
20 14      0
20 15      0
20 16      0
20 17      0
20 18      1
20 19      0
20 20      0
20 21      0
20 22      0
20 23      0
21  0      0
21  1      0
21  2      0
21  3      0
21  4      0
21  5      0
21  6      0
21  7      0
21  8      0
21  9      0
21 10      0
21 11      0
21 12      0
21 13      0
21 14      0
21 15      0
21 16      0
21 17      0
21 18      0
21 19      0
21 20      0
21 21      0
21 22      0
21 23      0
22  0      0
22  1      0
22  2      0
22  3      0
22  4      0
22  5      0
22  6      1
22  7      0
22  8      0
22  9      2
22 10      1
22 11      0
22 12      1
22 13      0
22 14      0
22 15      0
22 16      0
22 17      0
22 18      1
22 19      0
22 20      0
22 21      0
22 22      0
22 23      0
23  0      1
23  1      0
23  2      0
23  3      0
23  4      0
23  5      0
23  6      0
23  7      0
23  8      0
23  9      1
23 10      0
23 11      0
23 12      0
23 13      0
23 14      0
23 15      0
23 16      0
23 17      0
23 18      0
23 19      1
23 20      1
23 21      3
23 22      4
23 23      3
