# X range (from, step, n_bins) :
-180 15 24
# X range (from, step, n_bins) :
-180 15 24
# data:
 0  0      8
 0  1      0
 0  2      0
 0  3      0
 0  4      0
 0  5      0
 0  6      0
 0  7      0
 0  8      0
 0  9      0
 0 10      2
 0 11      0
 0 12      0
 0 13      0
 0 14      0
 0 15      1
 0 16      0
 0 17      1
 0 18      1
 0 19      2
 0 20      8
 0 21     22
 0 22    119
 0 23    107
 1  0     21
 1  1      4
 1  2      2
 1  3      1
 1  4      0
 1  5      1
 1  6      1
 1  7      3
 1  8      4
 1  9      0
 1 10      4
 1 11      0
 1 12      3
 1 13      0
 1 14      2
 1 15      2
 1 16      7
 1 17      3
 1 18     22
 1 19     42
 1 20    134
 1 21    228
 1 22    916
 1 23    529
 2  0     17
 2  1      2
 2  2      1
 2  3      1
 2  4      0
 2  5      3
 2  6      2
 2  7      5
 2  8      6
 2  9      4
 2 10      8
 2 11     21
 2 12     22
 2 13     26
 2 14     13
 2 15      4
 2 16     16
 2 17     14
 2 18     49
 2 19    185
 2 20    370
 2 21    637
 2 22   1162
 2 23    305
 3  0     18
 3  1      2
 3  2      4
 3  3      0
 3  4      1
 3  5      2
 3  6      4
 3  7     18
 3  8     18
 3  9     28
 3 10     61
 3 11    163
 3 12    117
 3 13    122
 3 14     59
 3 15     22
 3 16     22
 3 17     42
 3 18    120
 3 19    372
 3 20    855
 3 21   1249
 3 22    857
 3 23    155
 4  0     16
 4  1     10
 4  2      1
 4  3      0
 4  4      2
 4  5      4
 4  6      5
 4  7     16
 4  8     37
 4  9     73
 4 10    177
 4 11    275
 4 12    393
 4 13    304
 4 14     87
 4 15     16
 4 16     11
 4 17     43
 4 18    173
 4 19    584
 4 20   1041
 4 21   1099
 4 22    439
 4 23     94
 5  0      7
 5  1      3
 5  2      4
 5  3      2
 5  4      3
 5  5      0
 5  6      7
 5  7     18
 5  8     65
 5  9    114
 5 10    222
 5 11    466
 5 12    607
 5 13    202
 5 14     28
 5 15     20
 5 16     55
 5 17     52
 5 18    173
 5 19    447
 5 20    837
 5 21    707
 5 22    301
 5 23     74
 6  0     13
 6  1      1
 6  2      0
 6  3      0
 6  4      0
 6  5      0
 6  6      3
 6  7     18
 6  8    160
 6  9    381
 6 10    477
 6 11    527
 6 12    185
 6 13     18
 6 14      6
 6 15     26
 6 16     90
 6 17     90
 6 18     98
 6 19    275
 6 20    595
 6 21    608
 6 22    257
 6 23     70
 7  0      2
 7  1      0
 7  2      0
 7  3      0
 7  4      0
 7  5      0
 7  6      0
 7  7     23
 7  8   2528
 7  9   4428
 7 10   1049
 7 11    271
 7 12      9
 7 13      0
 7 14      0
 7 15      1
 7 16      0
 7 17      3
 7 18     10
 7 19     83
 7 20    490
 7 21    742
 7 22    244
 7 23     47
 8  0      0
 8  1      0
 8  2      1
 8  3      0
 8  4      0
 8  5      0
 8  6      0
 8  7     13
 8  8   2584
 8  9   1463
 8 10    131
 8 11      1
 8 12      0
 8 13      1
 8 14      0
 8 15      0
 8 16      0
 8 17      0
 8 18      1
 8 19     14
 8 20    285
 8 21    282
 8 22     22
 8 23      2
 9  0      0
 9  1      0
 9  2      0
 9  3      0
 9  4      0
 9  5      0
 9  6      1
 9  7      2
 9  8     31
 9  9      9
 9 10      0
 9 11      0
 9 12      0
 9 13      0
 9 14      0
 9 15      0
 9 16      0
 9 17      0
 9 18      0
 9 19      3
 9 20     18
 9 21      2
 9 22      0
 9 23      0
10  0      0
10  1      0
10  2      0
10  3      0
10  4      0
10  5      0
10  6      0
10  7      0
10  8      0
10  9      1
10 10      0
10 11      0
10 12      0
10 13      0
10 14      0
10 15      0
10 16      0
10 17      0
10 18      0
10 19      0
10 20      0
10 21      0
10 22      0
10 23      0
11  0      0
11  1      0
11  2      0
11  3      0
11  4      0
11  5      0
11  6      0
11  7      0
11  8      0
11  9      0
11 10      0
11 11      0
11 12      0
11 13      0
11 14      0
11 15      0
11 16      0
11 17      0
11 18      0
11 19      0
11 20      0
11 21      0
11 22      0
11 23      0
12  0      0
12  1      0
12  2      0
12  3      0
12  4      0
12  5      0
12  6      0
12  7      0
12  8      0
12  9      0
12 10      0
12 11      0
12 12      0
12 13      0
12 14      0
12 15      1
12 16      0
12 17      0
12 18      0
12 19      0
12 20      0
12 21      0
12 22      0
12 23      0
13  0      0
13  1      0
13  2      0
13  3      0
13  4      0
13  5      0
13  6      0
13  7      0
13  8      0
13  9      1
13 10      0
13 11      0
13 12      0
13 13      0
13 14      0
13 15      0
13 16      1
13 17      0
13 18      1
13 19      0
13 20      0
13 21      0
13 22      0
13 23      0
14  0      0
14  1      0
14  2      0
14  3      0
14  4      0
14  5      0
14  6      0
14  7      0
14  8      0
14  9      0
14 10      0
14 11      0
14 12      0
14 13      0
14 14      1
14 15     11
14 16      4
14 17      0
14 18      0
14 19      0
14 20      0
14 21      0
14 22      0
14 23      0
15  0      2
15  1      2
15  2      3
15  3     21
15  4      4
15  5      0
15  6      0
15  7      0
15  8      0
15  9      0
15 10      0
15 11      1
15 12      4
15 13     55
15 14    158
15 15     78
15 16     10
15 17      0
15 18      0
15 19      0
15 20      0
15 21      0
15 22      0
15 23      0
16  0      1
16  1      1
16  2      1
16  3      1
16  4      0
16  5      1
16  6      0
16  7      2
16  8      4
16  9      6
16 10      1
16 11     12
16 12     85
16 13    117
16 14     61
16 15     19
16 16      4
16 17      1
16 18      0
16 19      0
16 20      1
16 21      2
16 22      1
16 23      3
17  0      0
17  1      0
17  2      0
17  3      0
17  4      0
17  5      0
17  6      0
17  7      1
17  8      6
17  9      2
17 10      0
17 11     12
17 12     20
17 13      2
17 14      2
17 15      1
17 16      0
17 17      0
17 18      0
17 19      1
17 20      1
17 21      2
17 22      2
17 23      1
18  0      0
18  1      0
18  2      0
18  3      0
18  4      0
18  5      0
18  6      0
18  7      0
18  8      0
18  9      0
18 10      0
18 11      1
18 12      0
18 13      0
18 14      0
18 15      0
18 16      0
18 17      0
18 18      0
18 19      0
18 20      1
18 21      1
18 22      0
18 23      0
19  0      0
19  1      0
19  2      0
19  3      0
19  4      0
19  5      0
19  6      0
19  7      0
19  8      0
19  9      0
19 10      0
19 11      0
19 12      0
19 13      0
19 14      0
19 15      0
19 16      0
19 17      0
19 18      0
19 19      0
19 20      0
19 21      0
19 22      0
19 23      0
20  0      0
20  1      0
20  2      0
20  3      0
20  4      0
20  5      0
20  6      0
20  7      0
20  8      0
20  9      0
20 10      0
20 11      0
20 12      0
20 13      0
20 14      0
20 15      0
20 16      0
20 17      0
20 18      0
20 19      0
20 20      0
20 21      0
20 22      0
20 23      0
21  0      0
21  1      0
21  2      0
21  3      0
21  4      0
21  5      0
21  6      0
21  7      0
21  8      0
21  9      0
21 10      0
21 11      0
21 12      0
21 13      0
21 14      0
21 15      0
21 16      0
21 17      0
21 18      0
21 19      0
21 20      0
21 21      0
21 22      0
21 23      0
22  0      0
22  1      0
22  2      0
22  3      0
22  4      0
22  5      0
22  6      0
22  7      0
22  8      0
22  9      0
22 10      0
22 11      0
22 12      0
22 13      0
22 14      0
22 15      0
22 16      0
22 17      0
22 18      0
22 19      0
22 20      0
22 21      0
22 22      0
22 23      0
23  0      0
23  1      0
23  2      0
23  3      0
23  4      0
23  5      0
23  6      0
23  7      0
23  8      0
23  9      1
23 10      0
23 11      0
23 12      0
23 13      0
23 14      0
23 15      0
23 16      0
23 17      0
23 18      0
23 19      0
23 20      1
23 21      0
23 22      1
23 23      1
