# X range (from, step, n_bins) :
-180 15 24
# X range (from, step, n_bins) :
-180 15 24
# data:
 0  0     55
 0  1     12
 0  2      0
 0  3      3
 0  4      0
 0  5      0
 0  6      0
 0  7      0
 0  8      1
 0  9      0
 0 10      0
 0 11      0
 0 12      0
 0 13      0
 0 14      0
 0 15      0
 0 16      1
 0 17      0
 0 18      0
 0 19      0
 0 20      0
 0 21      2
 0 22     13
 0 23     71
 1  0     18
 1  1      5
 1  2      1
 1  3      0
 1  4      1
 1  5      0
 1  6      2
 1  7      0
 1  8      0
 1  9      0
 1 10      0
 1 11      0
 1 12      0
 1 13      0
 1 14      0
 1 15      1
 1 16      2
 1 17      1
 1 18      0
 1 19      0
 1 20      0
 1 21      2
 1 22     11
 1 23     54
 2  0     25
 2  1      4
 2  2      0
 2  3      2
 2  4      0
 2  5      0
 2  6      0
 2  7      0
 2  8      0
 2  9      0
 2 10      0
 2 11      0
 2 12      0
 2 13      0
 2 14      0
 2 15      0
 2 16      4
 2 17      3
 2 18      0
 2 19      1
 2 20      0
 2 21      3
 2 22      6
 2 23     22
 3  0     19
 3  1     13
 3  2      5
 3  3      0
 3  4      1
 3  5      0
 3  6      1
 3  7      0
 3  8      0
 3  9      0
 3 10      0
 3 11      0
 3 12      0
 3 13      1
 3 14      1
 3 15      4
 3 16      5
 3 17      2
 3 18      0
 3 19      1
 3 20      0
 3 21      0
 3 22      1
 3 23     15
 4  0     37
 4  1     10
 4  2      2
 4  3      0
 4  4      3
 4  5      5
 4  6      0
 4  7      0
 4  8      0
 4  9      0
 4 10      0
 4 11      0
 4 12      0
 4 13      0
 4 14      0
 4 15      0
 4 16      2
 4 17      1
 4 18      3
 4 19      3
 4 20      0
 4 21      2
 4 22      8
 4 23     38
 5  0     71
 5  1     28
 5  2      3
 5  3      1
 5  4      1
 5  5      3
 5  6      0
 5  7      0
 5  8      0
 5  9      0
 5 10      0
 5 11      0
 5 12      0
 5 13      0
 5 14      0
 5 15      0
 5 16      0
 5 17      0
 5 18      2
 5 19      2
 5 20      5
 5 21      4
 5 22     12
 5 23     45
 6  0    141
 6  1     25
 6  2      0
 6  3      2
 6  4      0
 6  5      0
 6  6      1
 6  7      2
 6  8      3
 6  9      0
 6 10      1
 6 11      1
 6 12      0
 6 13      0
 6 14      0
 6 15      0
 6 16      0
 6 17      0
 6 18      0
 6 19      2
 6 20      2
 6 21      3
 6 22     39
 6 23    182
 7  0     43
 7  1      3
 7  2      0
 7  3      0
 7  4      0
 7  5      0
 7  6      0
 7  7     13
 7  8     51
 7  9      2
 7 10      0
 7 11      0
 7 12      0
 7 13      0
 7 14      0
 7 15      0
 7 16      0
 7 17      0
 7 18      0
 7 19      0
 7 20     11
 7 21     22
 7 22     60
 7 23    194
 8  0      1
 8  1      0
 8  2      0
 8  3      0
 8  4      0
 8  5      0
 8  6      0
 8  7     20
 8  8    136
 8  9     27
 8 10      0
 8 11      0
 8 12      0
 8 13      0
 8 14      0
 8 15      0
 8 16      0
 8 17      0
 8 18      0
 8 19      1
 8 20      8
 8 21     10
 8 22      6
 8 23      4
 9  0      0
 9  1      0
 9  2      0
 9  3      0
 9  4      0
 9  5      0
 9  6      0
 9  7      8
 9  8     19
 9  9      1
 9 10      0
 9 11      0
 9 12      0
 9 13      0
 9 14      0
 9 15      0
 9 16      0
 9 17      0
 9 18      0
 9 19      0
 9 20      0
 9 21      0
 9 22      0
 9 23      0
10  0      0
10  1      0
10  2      0
10  3      0
10  4      0
10  5      0
10  6      0
10  7      0
10  8      0
10  9      0
10 10      0
10 11      0
10 12      0
10 13      0
10 14      0
10 15      0
10 16      0
10 17      0
10 18      0
10 19      0
10 20      0
10 21      0
10 22      0
10 23      0
11  0      0
11  1      0
11  2      0
11  3      0
11  4      0
11  5      0
11  6      0
11  7      0
11  8      0
11  9      0
11 10      0
11 11      0
11 12      0
11 13      0
11 14      0
11 15      0
11 16      0
11 17      0
11 18      0
11 19      0
11 20      0
11 21      0
11 22      1
11 23      0
12  0      0
12  1      0
12  2      0
12  3      0
12  4      0
12  5      0
12  6      0
12  7      0
12  8      0
12  9      0
12 10      0
12 11      0
12 12      0
12 13      0
12 14      0
12 15      0
12 16      0
12 17      0
12 18      0
12 19      0
12 20      0
12 21      0
12 22      0
12 23      0
13  0      1
13  1      0
13  2      0
13  3      0
13  4      1
13  5      0
13  6      0
13  7      0
13  8      0
13  9      0
13 10      0
13 11      0
13 12      0
13 13      0
13 14      0
13 15      0
13 16      0
13 17      0
13 18      0
13 19      0
13 20      0
13 21      0
13 22      0
13 23      0
14  0      0
14  1      0
14  2      0
14  3      0
14  4      1
14  5      0
14  6      0
14  7      0
14  8      0
14  9      0
14 10      0
14 11      0
14 12      0
14 13      0
14 14      1
14 15      0
14 16      0
14 17      0
14 18      0
14 19      0
14 20      1
14 21      0
14 22      0
14 23      0
15  0      4
15  1      4
15  2     18
15  3     43
15  4      0
15  5      0
15  6      0
15  7      0
15  8      0
15  9      0
15 10      0
15 11      0
15 12      0
15 13      0
15 14      1
15 15     12
15 16      0
15 17      0
15 18      0
15 19      0
15 20      0
15 21      0
15 22      0
15 23      0
16  0     53
16  1     21
16  2     24
16  3     17
16  4      1
16  5      0
16  6      0
16  7      0
16  8      0
16  9      0
16 10      0
16 11      0
16 12      0
16 13      0
16 14      7
16 15      9
16 16      3
16 17      0
16 18      0
16 19      0
16 20      0
16 21      0
16 22      1
16 23      8
17  0    145
17  1     31
17  2      6
17  3      3
17  4      2
17  5      0
17  6      0
17  7      0
17  8      0
17  9      0
17 10      0
17 11      0
17 12      0
17 13      0
17 14      0
17 15      1
17 16      2
17 17      0
17 18      0
17 19      0
17 20      1
17 21      1
17 22     20
17 23     99
18  0     69
18  1     12
18  2      4
18  3      1
18  4      2
18  5      0
18  6      0
18  7      0
18  8      0
18  9      0
18 10      0
18 11      0
18 12      0
18 13      0
18 14      0
18 15      0
18 16      0
18 17      0
18 18      0
18 19      2
18 20      4
18 21     10
18 22     32
18 23     82
19  0     41
19  1      9
19  2      1
19  3      2
19  4      0
19  5      0
19  6      1
19  7      0
19  8      0
19  9      3
19 10      0
19 11      0
19 12      0
19 13      0
19 14      0
19 15      0
19 16      0
19 17      0
19 18      0
19 19      0
19 20      0
19 21      4
19 22     19
19 23     38
20  0     35
20  1      7
20  2      1
20  3      0
20  4      1
20  5      0
20  6      3
20  7      3
20  8      4
20  9      0
20 10      0
20 11      0
20 12      0
20 13      0
20 14      0
20 15      0
20 16      0
20 17      0
20 18      0
20 19      0
20 20      0
20 21      0
20 22     11
20 23     31
21  0     35
21  1     12
21  2      0
21  3      0
21  4      0
21  5      0
21  6      2
21  7      2
21  8      0
21  9      1
21 10      1
21 11      0
21 12      0
21 13      0
21 14      0
21 15      0
21 16      0
21 17      0
21 18      0
21 19      1
21 20      1
21 21      3
21 22     10
21 23     31
22  0     55
22  1      9
22  2      1
22  3      0
22  4      0
22  5      0
22  6      1
22  7      3
22  8      2
22  9      0
22 10      0
22 11      0
22 12      0
22 13      0
22 14      0
22 15      0
22 16      0
22 17      0
22 18      1
22 19      0
22 20      0
22 21      0
22 22     11
22 23     27
23  0     52
23  1      6
23  2      1
23  3      0
23  4      0
23  5      0
23  6      1
23  7      0
23  8      1
23  9      0
23 10      0
23 11      0
23 12      0
23 13      0
23 14      0
23 15      0
23 16      1
23 17      2
23 18      0
23 19      0
23 20      0
23 21      0
23 22      9
23 23     63
