# X range (from, step, n_bins) :
-180 15 24
# X range (from, step, n_bins) :
-180 15 24
# data:
 0  0    525
 0  1    261
 0  2     69
 0  3     16
 0  4      9
 0  5      2
 0  6      2
 0  7      5
 0  8      2
 0  9      1
 0 10      1
 0 11      3
 0 12      2
 0 13      0
 0 14      5
 0 15      5
 0 16      3
 0 17      0
 0 18      2
 0 19      7
 0 20     12
 0 21     58
 0 22    269
 0 23    559
 1  0    330
 1  1    127
 1  2     45
 1  3     18
 1  4      5
 1  5      7
 1  6      2
 1  7      2
 1  8      0
 1  9      3
 1 10      1
 1 11      1
 1 12      4
 1 13      7
 1 14     10
 1 15      5
 1 16      3
 1 17      3
 1 18      4
 1 19     13
 1 20     20
 1 21    130
 1 22    376
 1 23    506
 2  0    189
 2  1    110
 2  2     58
 2  3     25
 2  4     11
 2  5      3
 2  6      0
 2  7      0
 2  8      2
 2  9      2
 2 10      4
 2 11      6
 2 12     26
 2 13     24
 2 14     20
 2 15      6
 2 16      7
 2 17      3
 2 18      8
 2 19     12
 2 20     45
 2 21    250
 2 22    406
 2 23    294
 3  0    171
 3  1    127
 3  2     83
 3  3     47
 3  4     31
 3  5     16
 3  6      8
 3  7      4
 3  8      6
 3  9      8
 3 10     14
 3 11     31
 3 12     57
 3 13     60
 3 14     33
 3 15     12
 3 16      7
 3 17      4
 3 18      6
 3 19     26
 3 20    122
 3 21    296
 3 22    327
 3 23    226
 4  0    209
 4  1    182
 4  2    122
 4  3     54
 4  4     35
 4  5     41
 4  6     27
 4  7      9
 4  8      8
 4  9     14
 4 10     45
 4 11    101
 4 12    190
 4 13    141
 4 14     32
 4 15      8
 4 16      5
 4 17      2
 4 18     10
 4 19     64
 4 20    198
 4 21    346
 4 22    246
 4 23    210
 5  0    439
 5  1    347
 5  2    149
 5  3     67
 5  4     29
 5  5     29
 5  6     33
 5  7     17
 5  8     23
 5  9     44
 5 10    104
 5 11    373
 5 12    625
 5 13    180
 5 14     41
 5 15     21
 5 16     16
 5 17     14
 5 18     40
 5 19     75
 5 20    213
 5 21    332
 5 22    239
 5 23    321
 6  0    660
 6  1    296
 6  2     83
 6  3     19
 6  4      7
 6  5     13
 6  6     24
 6  7     35
 6  8     50
 6  9    177
 6 10    378
 6 11    969
 6 12    468
 6 13     62
 6 14     33
 6 15     59
 6 16     59
 6 17     27
 6 18     44
 6 19     63
 6 20    165
 6 21    351
 6 22    519
 6 23    711
 7  0    115
 7  1     21
 7  2      4
 7  3      2
 7  4      1
 7  5      2
 7  6      0
 7  7     26
 7  8   1210
 7  9   5368
 7 10   1657
 7 11    726
 7 12     28
 7 13      5
 7 14      4
 7 15      6
 7 16      1
 7 17      2
 7 18      2
 7 19     23
 7 20    166
 7 21    670
 7 22    810
 7 23    485
 8  0      1
 8  1      1
 8  2      1
 8  3      0
 8  4      1
 8  5      0
 8  6      2
 8  7     15
 8  8   1010
 8  9   2029
 8 10    391
 8 11     17
 8 12      0
 8 13      1
 8 14      0
 8 15      0
 8 16      0
 8 17      0
 8 18      3
 8 19      5
 8 20    114
 8 21    306
 8 22     77
 8 23      9
 9  0      1
 9  1      0
 9  2      0
 9  3      0
 9  4      0
 9  5      0
 9  6      2
 9  7      8
 9  8     17
 9  9      6
 9 10      0
 9 11      1
 9 12      0
 9 13      0
 9 14      0
 9 15      2
 9 16      0
 9 17      0
 9 18      1
 9 19      1
 9 20      5
 9 21      1
 9 22      0
 9 23      0
10  0      0
10  1      0
10  2      0
10  3      0
10  4      0
10  5      0
10  6      0
10  7      1
10  8      1
10  9      0
10 10      0
10 11      0
10 12      0
10 13      0
10 14      0
10 15      0
10 16      0
10 17      0
10 18      0
10 19      0
10 20      0
10 21      1
10 22      0
10 23      0
11  0      0
11  1      0
11  2      0
11  3      0
11  4      1
11  5      0
11  6      0
11  7      0
11  8      0
11  9      1
11 10      0
11 11      0
11 12      1
11 13      0
11 14      0
11 15      0
11 16      0
11 17      0
11 18      0
11 19      1
11 20      0
11 21      0
11 22      0
11 23      0
12  0      0
12  1      0
12  2      0
12  3      2
12  4      0
12  5      0
12  6      0
12  7      0
12  8      0
12  9      0
12 10      0
12 11      1
12 12      0
12 13      0
12 14      0
12 15      0
12 16      0
12 17      0
12 18      0
12 19      1
12 20      0
12 21      0
12 22      0
12 23      0
13  0      0
13  1      1
13  2      0
13  3      1
13  4      2
13  5      1
13  6      0
13  7      0
13  8      0
13  9      0
13 10      0
13 11      0
13 12      0
13 13      0
13 14      0
13 15      0
13 16      2
13 17      1
13 18      0
13 19      1
13 20      0
13 21      0
13 22      0
13 23      1
14  0      0
14  1      2
14  2      3
14  3     19
14  4     11
14  5      0
14  6      0
14  7      0
14  8      1
14  9      0
14 10      0
14 11      0
14 12      0
14 13      0
14 14      6
14 15      4
14 16      5
14 17      1
14 18      1
14 19      1
14 20      0
14 21      0
14 22      1
14 23      0
15  0      9
15  1     68
15  2    401
15  3    796
15  4     47
15  5      1
15  6      0
15  7      0
15  8      0
15  9      0
15 10      0
15 11      0
15 12      3
15 13    119
15 14    363
15 15    106
15 16      7
15 17      1
15 18      0
15 19      0
15 20      1
15 21      0
15 22      1
15 23      0
16  0    326
16  1    699
16  2    528
16  3    528
16  4    135
16  5      8
16  6      6
16  7      3
16  8      6
16  9      9
16 10      6
16 11    108
16 12   1377
16 13   2618
16 14   1323
16 15    184
16 16     13
16 17      2
16 18      0
16 19      0
16 20      2
16 21      2
16 22      7
16 23     96
17  0    660
17  1    504
17  2    179
17  3     70
17  4     34
17  5     17
17  6     17
17  7     60
17  8     76
17  9     54
17 10    274
17 11   3285
17 12   5148
17 13   2326
17 14    318
17 15     55
17 16     14
17 17      8
17 18      4
17 19      6
17 20     14
17 21     69
17 22    247
17 23    505
18  0    310
18  1    248
18  2    100
18  3     43
18  4     14
18  5     22
18  6      9
18  7     18
18  8     24
18  9     77
18 10   1147
18 11   2787
18 12   1896
18 13    420
18 14     71
18 15     23
18 16     12
18 17     11
18 18     22
18 19     49
18 20     82
18 21    219
18 22    407
18 23    399
19  0    180
19  1    134
19  2     65
19  3     25
19  4      8
19  5      9
19  6      4
19  7      3
19  8     11
19  9     70
19 10    367
19 11    556
19 12    466
19 13    123
19 14     27
19 15     10
19 16      2
19 17      4
19 18     22
19 19     29
19 20     77
19 21    134
19 22    203
19 23    208
20  0    189
20  1    150
20  2     75
20  3     24
20  4      4
20  5      4
20  6      8
20  7      5
20  8      7
20  9     42
20 10     98
20 11    164
20 12     81
20 13     28
20 14     10
20 15      3
20 16      1
20 17      4
20 18     13
20 19     12
20 20     36
20 21     61
20 22    137
20 23    185
21  0    256
21  1    207
21  2     91
21  3     31
21  4     11
21  5      5
21  6      3
21  7      7
21  8     12
21  9     31
21 10     40
21 11     52
21 12     12
21 13      5
21 14      2
21 15      0
21 16      0
21 17      1
21 18      7
21 19     13
21 20     21
21 21     47
21 22     91
21 23    166
22  0    360
22  1    293
22  2    113
22  3     32
22  4     11
22  5      1
22  6      1
22  7      7
22  8      5
22  9     14
22 10     12
22 11      3
22 12      0
22 13      0
22 14      2
22 15      0
22 16      1
22 17      2
22 18      4
22 19      5
22 20     18
22 21     35
22 22     95
22 23    219
23  0    547
23  1    311
23  2    133
23  3     13
23  4      6
23  5      3
23  6      2
23  7      2
23  8      4
23  9      5
23 10      3
23 11      0
23 12      2
23 13      2
23 14      1
23 15      1
23 16      2
23 17      1
23 18      1
23 19      6
23 20     12
23 21     40
23 22    128
23 23    423
