# X range (from, step, n_bins) :
-180 15 24
# X range (from, step, n_bins) :
-180 15 24
# data:
 0  0      9
 0  1      0
 0  2      0
 0  3      0
 0  4      1
 0  5      0
 0  6      0
 0  7      0
 0  8      0
 0  9      0
 0 10      0
 0 11      0
 0 12      0
 0 13      0
 0 14      0
 0 15      0
 0 16      0
 0 17      0
 0 18      3
 0 19      2
 0 20     14
 0 21     20
 0 22     54
 0 23     63
 1  0     24
 1  1      3
 1  2      0
 1  3      1
 1  4      0
 1  5      0
 1  6      2
 1  7      2
 1  8      1
 1  9      3
 1 10      1
 1 11      0
 1 12      0
 1 13      4
 1 14      4
 1 15      7
 1 16      4
 1 17     10
 1 18     20
 1 19     44
 1 20     95
 1 21    200
 1 22    325
 1 23    225
 2  0     19
 2  1      7
 2  2      1
 2  3      1
 2  4      2
 2  5      3
 2  6      1
 2  7      5
 2  8      7
 2  9      3
 2 10      6
 2 11     13
 2 12     22
 2 13     33
 2 14     30
 2 15     31
 2 16     33
 2 17     23
 2 18     41
 2 19    124
 2 20    251
 2 21    403
 2 22    453
 2 23    138
 3  0     19
 3  1      4
 3  2      2
 3  3      3
 3  4      3
 3  5      3
 3  6      2
 3  7     14
 3  8     11
 3  9     22
 3 10     63
 3 11    105
 3 12     84
 3 13    112
 3 14     85
 3 15     32
 3 16     30
 3 17     32
 3 18     70
 3 19    197
 3 20    381
 3 21    441
 3 22    344
 3 23     86
 4  0     11
 4  1      3
 4  2      2
 4  3      2
 4  4      1
 4  5      1
 4  6      4
 4  7      6
 4  8     26
 4  9     50
 4 10    137
 4 11    180
 4 12    301
 4 13    253
 4 14     60
 4 15     12
 4 16     14
 4 17     21
 4 18     75
 4 19    298
 4 20    412
 4 21    338
 4 22    205
 4 23     68
 5  0     13
 5  1      4
 5  2      3
 5  3      3
 5  4      2
 5  5      1
 5  6      3
 5  7      9
 5  8     51
 5  9    100
 5 10    157
 5 11    340
 5 12    459
 5 13    137
 5 14     12
 5 15     18
 5 16     34
 5 17     39
 5 18     96
 5 19    245
 5 20    341
 5 21    246
 5 22    129
 5 23     56
 6  0     13
 6  1      1
 6  2      0
 6  3      0
 6  4      0
 6  5      0
 6  6      4
 6  7      9
 6  8     82
 6  9    242
 6 10    318
 6 11    455
 6 12    148
 6 13     10
 6 14      3
 6 15     20
 6 16     72
 6 17     68
 6 18     88
 6 19    176
 6 20    236
 6 21    260
 6 22    185
 6 23     78
 7  0      3
 7  1      1
 7  2      0
 7  3      0
 7  4      0
 7  5      0
 7  6      1
 7  7      9
 7  8    998
 7  9   2679
 7 10    824
 7 11    314
 7 12      9
 7 13      2
 7 14      2
 7 15      1
 7 16      0
 7 17      2
 7 18     11
 7 19     45
 7 20    263
 7 21    437
 7 22    253
 7 23     49
 8  0      0
 8  1      0
 8  2      0
 8  3      0
 8  4      0
 8  5      0
 8  6      0
 8  7      7
 8  8    999
 8  9    873
 8 10    131
 8 11      2
 8 12      0
 8 13      0
 8 14      0
 8 15      0
 8 16      0
 8 17      0
 8 18      0
 8 19      9
 8 20    183
 8 21    172
 8 22     38
 8 23      0
 9  0      0
 9  1      0
 9  2      0
 9  3      0
 9  4      0
 9  5      0
 9  6      0
 9  7      3
 9  8     14
 9  9      4
 9 10      0
 9 11      0
 9 12      0
 9 13      0
 9 14      0
 9 15      0
 9 16      0
 9 17      0
 9 18      0
 9 19      1
 9 20     15
 9 21      7
 9 22      0
 9 23      0
10  0      0
10  1      0
10  2      0
10  3      0
10  4      0
10  5      0
10  6      1
10  7      0
10  8      0
10  9      0
10 10      0
10 11      0
10 12      0
10 13      0
10 14      0
10 15      0
10 16      0
10 17      0
10 18      0
10 19      2
10 20      0
10 21      0
10 22      0
10 23      0
11  0      0
11  1      0
11  2      0
11  3      0
11  4      0
11  5      0
11  6      0
11  7      0
11  8      0
11  9      0
11 10      0
11 11      0
11 12      0
11 13      0
11 14      0
11 15      0
11 16      0
11 17      0
11 18      1
11 19      0
11 20      0
11 21      0
11 22      0
11 23      0
12  0      0
12  1      0
12  2      0
12  3      0
12  4      0
12  5      0
12  6      0
12  7      0
12  8      0
12  9      0
12 10      0
12 11      0
12 12      0
12 13      0
12 14      0
12 15      0
12 16      0
12 17      1
12 18      0
12 19      0
12 20      0
12 21      0
12 22      0
12 23      0
13  0      0
13  1      0
13  2      0
13  3      0
13  4      1
13  5      0
13  6      0
13  7      0
13  8      0
13  9      0
13 10      0
13 11      0
13 12      0
13 13      0
13 14      0
13 15      0
13 16      3
13 17      1
13 18      0
13 19      0
13 20      0
13 21      0
13 22      0
13 23      0
14  0      1
14  1      0
14  2      1
14  3      2
14  4      0
14  5      0
14  6      0
14  7      0
14  8      0
14  9      0
14 10      0
14 11      0
14 12      0
14 13      0
14 14      9
14 15     20
14 16     10
14 17      0
14 18      0
14 19      0
14 20      0
14 21      0
14 22      0
14 23      0
15  0      1
15  1      2
15  2      6
15  3     15
15  4      6
15  5      0
15  6      0
15  7      1
15  8      0
15  9      0
15 10      2
15 11      0
15 12      0
15 13     39
15 14    280
15 15    151
15 16     11
15 17      1
15 18      0
15 19      0
15 20      0
15 21      0
15 22      0
15 23      0
16  0      0
16  1      3
16  2      2
16  3      2
16  4      1
16  5      0
16  6      0
16  7      5
16  8      7
16  9      2
16 10      3
16 11      6
16 12     76
16 13    159
16 14    149
16 15     23
16 16      9
16 17      6
16 18      0
16 19      0
16 20      0
16 21      1
16 22      0
16 23      4
17  0      1
17  1      0
17  2      0
17  3      0
17  4      0
17  5      1
17  6      3
17  7      5
17  8      2
17  9      2
17 10      5
17 11      9
17 12     19
17 13     10
17 14      3
17 15      2
17 16      1
17 17      1
17 18      0
17 19      0
17 20      1
17 21      2
17 22      1
17 23      1
18  0      0
18  1      0
18  2      0
18  3      0
18  4      0
18  5      0
18  6      0
18  7      1
18  8      0
18  9      0
18 10      0
18 11      0
18 12      1
18 13      0
18 14      0
18 15      0
18 16      0
18 17      0
18 18      0
18 19      0
18 20      0
18 21      0
18 22      0
18 23      0
19  0      0
19  1      0
19  2      0
19  3      0
19  4      0
19  5      0
19  6      0
19  7      0
19  8      0
19  9      0
19 10      0
19 11      0
19 12      0
19 13      0
19 14      0
19 15      0
19 16      0
19 17      0
19 18      0
19 19      0
19 20      0
19 21      0
19 22      0
19 23      0
20  0      0
20  1      0
20  2      0
20  3      0
20  4      0
20  5      0
20  6      0
20  7      0
20  8      0
20  9      0
20 10      0
20 11      0
20 12      0
20 13      0
20 14      0
20 15      0
20 16      0
20 17      0
20 18      0
20 19      0
20 20      0
20 21      0
20 22      0
20 23      0
21  0      0
21  1      0
21  2      0
21  3      0
21  4      0
21  5      0
21  6      0
21  7      0
21  8      0
21  9      0
21 10      0
21 11      0
21 12      0
21 13      0
21 14      0
21 15      0
21 16      0
21 17      0
21 18      0
21 19      0
21 20      0
21 21      0
21 22      0
21 23      0
22  0      1
22  1      0
22  2      0
22  3      0
22  4      0
22  5      0
22  6      0
22  7      0
22  8      0
22  9      0
22 10      0
22 11      0
22 12      0
22 13      0
22 14      0
22 15      0
22 16      0
22 17      0
22 18      0
22 19      0
22 20      0
22 21      0
22 22      0
22 23      0
23  0      0
23  1      0
23  2      0
23  3      0
23  4      0
23  5      0
23  6      0
23  7      0
23  8      0
23  9      0
23 10      1
23 11      0
23 12      0
23 13      0
23 14      0
23 15      0
23 16      0
23 17      0
23 18      1
23 19      0
23 20      0
23 21      0
23 22      2
23 23      4
