# X range (from, step, n_bins) :
-180 15 24
# X range (from, step, n_bins) :
-180 15 24
# data:
 0  0      3
 0  1      0
 0  2      0
 0  3      0
 0  4      0
 0  5      0
 0  6      0
 0  7      0
 0  8      0
 0  9      0
 0 10      1
 0 11      0
 0 12      0
 0 13      0
 0 14      0
 0 15      0
 0 16      2
 0 17      0
 0 18      2
 0 19      1
 0 20      5
 0 21     25
 0 22     64
 0 23     47
 1  0     13
 1  1      1
 1  2      0
 1  3      0
 1  4      0
 1  5      1
 1  6      1
 1  7      1
 1  8      0
 1  9      4
 1 10      0
 1 11      1
 1 12      2
 1 13      2
 1 14      1
 1 15      4
 1 16      0
 1 17      8
 1 18     13
 1 19     40
 1 20    132
 1 21    327
 1 22    338
 1 23    154
 2  0     13
 2  1      1
 2  2      0
 2  3      1
 2  4      0
 2  5      1
 2  6      1
 2  7      0
 2  8      5
 2  9      5
 2 10     11
 2 11     11
 2 12     22
 2 13     19
 2 14     16
 2 15     13
 2 16     14
 2 17     21
 2 18     44
 2 19    127
 2 20    463
 2 21    674
 2 22    658
 2 23    152
 3  0     25
 3  1      7
 3  2      3
 3  3      7
 3  4      4
 3  5      1
 3  6      3
 3  7     11
 3  8     35
 3  9     70
 3 10     75
 3 11    110
 3 12     98
 3 13    107
 3 14     67
 3 15     26
 3 16     14
 3 17     29
 3 18     68
 3 19    258
 3 20    745
 3 21   1060
 3 22    691
 3 23    122
 4  0     25
 4  1      6
 4  2      6
 4  3      6
 4  4      4
 4  5      7
 4  6      4
 4  7     20
 4  8     55
 4  9    182
 4 10    253
 4 11    276
 4 12    405
 4 13    209
 4 14     33
 4 15      8
 4 16      4
 4 17     27
 4 18     96
 4 19    330
 4 20    845
 4 21    844
 4 22    486
 4 23    116
 5  0     20
 5  1      4
 5  2      4
 5  3      3
 5  4      1
 5  5      3
 5  6      8
 5  7     13
 5  8    109
 5  9    277
 5 10    415
 5 11    796
 5 12    727
 5 13     96
 5 14     19
 5 15     17
 5 16     30
 5 17     56
 5 18     97
 5 19    427
 5 20    819
 5 21    617
 5 22    344
 5 23     95
 6  0     15
 6  1      4
 6  2      1
 6  3      0
 6  4      1
 6  5      1
 6  6      6
 6  7     16
 6  8    218
 6  9    816
 6 10    897
 6 11   1114
 6 12    264
 6 13     13
 6 14      6
 6 15     24
 6 16     89
 6 17     84
 6 18     82
 6 19    304
 6 20    815
 6 21    772
 6 22    413
 6 23    127
 7  0      4
 7  1      1
 7  2      3
 7  3      1
 7  4      0
 7  5      1
 7  6      3
 7  7      6
 7  8   2377
 7  9  10561
 7 10   2761
 7 11    583
 7 12     14
 7 13      4
 7 14      1
 7 15      1
 7 16      1
 7 17      6
 7 18     15
 7 19     77
 7 20    770
 7 21   1037
 7 22    463
 7 23     76
 8  0      0
 8  1      0
 8  2      1
 8  3      0
 8  4      0
 8  5      1
 8  6      1
 8  7     14
 8  8   2134
 8  9   3609
 8 10    525
 8 11      8
 8 12      0
 8 13      0
 8 14      0
 8 15      1
 8 16      0
 8 17      0
 8 18      0
 8 19     27
 8 20    587
 8 21    443
 8 22     51
 8 23      3
 9  0      0
 9  1      0
 9  2      0
 9  3      0
 9  4      0
 9  5      0
 9  6      2
 9  7      4
 9  8     41
 9  9     18
 9 10      3
 9 11      0
 9 12      0
 9 13      0
 9 14      0
 9 15      0
 9 16      0
 9 17      1
 9 18      1
 9 19      5
 9 20     24
 9 21      5
 9 22      1
 9 23      1
10  0      0
10  1      0
10  2      0
10  3      0
10  4      1
10  5      0
10  6      0
10  7      1
10  8      0
10  9      0
10 10      0
10 11      0
10 12      0
10 13      0
10 14      0
10 15      0
10 16      0
10 17      0
10 18      0
10 19      0
10 20      1
10 21      0
10 22      0
10 23      0
11  0      0
11  1      0
11  2      0
11  3      0
11  4      0
11  5      0
11  6      1
11  7      0
11  8      0
11  9      0
11 10      0
11 11      0
11 12      0
11 13      0
11 14      0
11 15      0
11 16      0
11 17      0
11 18      0
11 19      0
11 20      0
11 21      0
11 22      0
11 23      0
12  0      0
12  1      0
12  2      0
12  3      0
12  4      0
12  5      0
12  6      1
12  7      0
12  8      0
12  9      0
12 10      0
12 11      0
12 12      0
12 13      0
12 14      0
12 15      0
12 16      0
12 17      1
12 18      0
12 19      0
12 20      0
12 21      0
12 22      0
12 23      0
13  0      0
13  1      0
13  2      0
13  3      0
13  4      0
13  5      0
13  6      0
13  7      0
13  8      0
13  9      0
13 10      0
13 11      0
13 12      1
13 13      0
13 14      0
13 15      0
13 16      0
13 17      0
13 18      0
13 19      0
13 20      0
13 21      0
13 22      0
13 23      0
14  0      0
14  1      1
14  2      3
14  3      0
14  4      2
14  5      3
14  6      0
14  7      0
14  8      0
14  9      0
14 10      0
14 11      0
14 12      0
14 13      0
14 14      7
14 15     36
14 16      7
14 17      0
14 18      0
14 19      1
14 20      0
14 21      0
14 22      0
14 23      0
15  0      1
15  1      5
15  2     21
15  3     50
15  4     15
15  5      0
15  6      0
15  7      0
15  8      0
15  9      0
15 10      0
15 11      0
15 12      2
15 13     63
15 14    463
15 15    336
15 16     27
15 17      2
15 18      0
15 19      0
15 20      0
15 21      0
15 22      0
15 23      1
16  0      2
16  1      4
16  2      0
16  3      6
16  4      2
16  5      1
16  6      1
16  7      4
16  8     11
16  9      5
16 10      6
16 11     14
16 12     82
16 13    241
16 14    201
16 15     28
16 16      7
16 17      1
16 18      0
16 19      1
16 20      0
16 21      0
16 22      5
16 23      2
17  0      0
17  1      0
17  2      0
17  3      1
17  4      0
17  5      0
17  6      0
17  7      2
17  8      5
17  9      2
17 10      6
17 11     28
17 12     28
17 13     12
17 14      5
17 15      1
17 16      0
17 17      0
17 18      1
17 19      2
17 20      2
17 21      1
17 22      2
17 23      0
18  0      0
18  1      0
18  2      0
18  3      1
18  4      0
18  5      0
18  6      1
18  7      0
18  8      0
18  9      1
18 10      0
18 11      1
18 12      0
18 13      0
18 14      1
18 15      0
18 16      0
18 17      0
18 18      0
18 19      0
18 20      0
18 21      0
18 22      0
18 23      0
19  0      0
19  1      0
19  2      0
19  3      0
19  4      0
19  5      0
19  6      0
19  7      0
19  8      0
19  9      0
19 10      0
19 11      0
19 12      0
19 13      0
19 14      0
19 15      0
19 16      0
19 17      0
19 18      0
19 19      0
19 20      0
19 21      0
19 22      0
19 23      0
20  0      0
20  1      0
20  2      0
20  3      0
20  4      0
20  5      0
20  6      0
20  7      0
20  8      1
20  9      0
20 10      0
20 11      0
20 12      0
20 13      0
20 14      0
20 15      0
20 16      0
20 17      0
20 18      0
20 19      0
20 20      0
20 21      0
20 22      0
20 23      0
21  0      0
21  1      0
21  2      0
21  3      0
21  4      0
21  5      0
21  6      0
21  7      0
21  8      0
21  9      0
21 10      0
21 11      0
21 12      0
21 13      0
21 14      0
21 15      0
21 16      0
21 17      0
21 18      0
21 19      0
21 20      1
21 21      0
21 22      0
21 23      0
22  0      0
22  1      0
22  2      0
22  3      0
22  4      0
22  5      0
22  6      0
22  7      0
22  8      1
22  9      0
22 10      0
22 11      0
22 12      0
22 13      0
22 14      0
22 15      0
22 16      0
22 17      0
22 18      0
22 19      0
22 20      0
22 21      0
22 22      0
22 23      0
23  0      0
23  1      0
23  2      0
23  3      0
23  4      0
23  5      0
23  6      0
23  7      0
23  8      1
23  9      0
23 10      0
23 11      0
23 12      1
23 13      0
23 14      0
23 15      0
23 16      0
23 17      0
23 18      0
23 19      0
23 20      2
23 21      1
23 22      1
23 23      2
