# X range (from, step, n_bins) :
-180 15 24
# X range (from, step, n_bins) :
-180 15 24
# data:
 0  0      1
 0  1      0
 0  2      0
 0  3      0
 0  4      0
 0  5      1
 0  6      0
 0  7      0
 0  8      0
 0  9      0
 0 10      1
 0 11      0
 0 12      0
 0 13      0
 0 14      1
 0 15      0
 0 16      0
 0 17      0
 0 18      2
 0 19      1
 0 20      9
 0 21     16
 0 22     22
 0 23     24
 1  0      7
 1  1      0
 1  2      1
 1  3      0
 1  4      0
 1  5      0
 1  6      1
 1  7      3
 1  8      3
 1  9      2
 1 10      0
 1 11      0
 1 12      1
 1 13      2
 1 14      0
 1 15      1
 1 16      5
 1 17      6
 1 18     17
 1 19     47
 1 20    203
 1 21    210
 1 22    223
 1 23    126
 2  0     11
 2  1      1
 2  2      0
 2  3      0
 2  4      0
 2  5      1
 2  6      1
 2  7      8
 2  8     12
 2  9      4
 2 10      6
 2 11      9
 2 12      5
 2 13      9
 2 14     17
 2 15      9
 2 16     12
 2 17     20
 2 18     40
 2 19    248
 2 20    711
 2 21    583
 2 22    423
 2 23    122
 3  0     14
 3  1      3
 3  2      1
 3  3      2
 3  4      2
 3  5      1
 3  6      3
 3  7     11
 3  8     30
 3  9     50
 3 10     51
 3 11     78
 3 12     90
 3 13    116
 3 14     71
 3 15     23
 3 16     20
 3 17     37
 3 18    124
 3 19    691
 3 20   1744
 3 21   1598
 3 22    809
 3 23    133
 4  0     42
 4  1     14
 4  2      9
 4  3      8
 4  4      7
 4  5      9
 4  6     14
 4  7     23
 4  8     97
 4  9    211
 4 10    266
 4 11    379
 4 12    483
 4 13    353
 4 14     69
 4 15     16
 4 16      9
 4 17     41
 4 18    269
 4 19   1375
 4 20   2914
 4 21   2117
 4 22    846
 4 23    171
 5  0     23
 5  1     14
 5  2      6
 5  3      6
 5  4      5
 5  5      3
 5  6      7
 5  7     43
 5  8    197
 5  9    472
 5 10    627
 5 11   1228
 5 12   1127
 5 13    208
 5 14     43
 5 15     41
 5 16     69
 5 17     95
 5 18    315
 5 19   1304
 5 20   2336
 5 21   1505
 5 22    650
 5 23    177
 6  0     16
 6  1      7
 6  2      0
 6  3      0
 6  4      1
 6  5      0
 6  6      6
 6  7     23
 6  8    309
 6  9   1238
 6 10   1385
 6 11   1805
 6 12    489
 6 13     20
 6 14      9
 6 15     44
 6 16    173
 6 17    194
 6 18    236
 6 19    776
 6 20   1538
 6 21   1367
 6 22    719
 6 23    182
 7  0      4
 7  1      0
 7  2      0
 7  3      0
 7  4      0
 7  5      1
 7  6      1
 7  7     14
 7  8   4939
 7  9  19567
 7 10   3616
 7 11    717
 7 12     18
 7 13      4
 7 14      2
 7 15      0
 7 16      2
 7 17      3
 7 18      7
 7 19    166
 7 20   1469
 7 21   1689
 7 22    647
 7 23     75
 8  0      0
 8  1      0
 8  2      0
 8  3      0
 8  4      0
 8  5      0
 8  6      1
 8  7     17
 8  8   3564
 8  9   4717
 8 10    395
 8 11      7
 8 12      1
 8 13      0
 8 14      0
 8 15      0
 8 16      0
 8 17      0
 8 18      0
 8 19     21
 8 20    615
 8 21    458
 8 22     43
 8 23      1
 9  0      0
 9  1      0
 9  2      0
 9  3      0
 9  4      0
 9  5      0
 9  6      1
 9  7      5
 9  8     39
 9  9     14
 9 10      0
 9 11      0
 9 12      0
 9 13      0
 9 14      0
 9 15      0
 9 16      0
 9 17      1
 9 18      0
 9 19      6
 9 20     29
 9 21      1
 9 22      0
 9 23      0
10  0      0
10  1      0
10  2      0
10  3      0
10  4      0
10  5      0
10  6      0
10  7      1
10  8      0
10  9      0
10 10      0
10 11      0
10 12      0
10 13      0
10 14      0
10 15      0
10 16      0
10 17      0
10 18      0
10 19      0
10 20      3
10 21      0
10 22      0
10 23      0
11  0      0
11  1      0
11  2      0
11  3      0
11  4      0
11  5      0
11  6      0
11  7      1
11  8      0
11  9      0
11 10      0
11 11      0
11 12      0
11 13      0
11 14      0
11 15      0
11 16      0
11 17      0
11 18      0
11 19      0
11 20      0
11 21      0
11 22      0
11 23      0
12  0      0
12  1      0
12  2      0
12  3      0
12  4      0
12  5      0
12  6      0
12  7      0
12  8      0
12  9      0
12 10      0
12 11      0
12 12      0
12 13      0
12 14      0
12 15      0
12 16      0
12 17      1
12 18      0
12 19      0
12 20      0
12 21      0
12 22      0
12 23      0
13  0      0
13  1      0
13  2      1
13  3      0
13  4      0
13  5      0
13  6      0
13  7      1
13  8      0
13  9      0
13 10      0
13 11      0
13 12      0
13 13      0
13 14      0
13 15      0
13 16      0
13 17      0
13 18      0
13 19      0
13 20      1
13 21      0
13 22      0
13 23      0
14  0      0
14  1      0
14  2      0
14  3      4
14  4      0
14  5      0
14  6      0
14  7      0
14  8      0
14  9      0
14 10      0
14 11      0
14 12      0
14 13      1
14 14      3
14 15      9
14 16      5
14 17      0
14 18      1
14 19      0
14 20      0
14 21      0
14 22      0
14 23      0
15  0      0
15  1      1
15  2     14
15  3     29
15  4      9
15  5      0
15  6      0
15  7      1
15  8      0
15  9      0
15 10      0
15 11      0
15 12      1
15 13     45
15 14    167
15 15     68
15 16      9
15 17      0
15 18      0
15 19      0
15 20      0
15 21      0
15 22      0
15 23      0
16  0      2
16  1      2
16  2      1
16  3      2
16  4      1
16  5      0
16  6      0
16  7      4
16  8     12
16  9      7
16 10      3
16 11      5
16 12     78
16 13    128
16 14     57
16 15     11
16 16      5
16 17      2
16 18      0
16 19      0
16 20      1
16 21      0
16 22      3
16 23      2
17  0      0
17  1      0
17  2      0
17  3      0
17  4      0
17  5      0
17  6      0
17  7      0
17  8      3
17  9      1
17 10      3
17 11     11
17 12     19
17 13      5
17 14      1
17 15      0
17 16      1
17 17      2
17 18      2
17 19      0
17 20      2
17 21      0
17 22      0
17 23      0
18  0      0
18  1      0
18  2      0
18  3      0
18  4      0
18  5      0
18  6      0
18  7      0
18  8      0
18  9      0
18 10      1
18 11      1
18 12      0
18 13      0
18 14      1
18 15      0
18 16      1
18 17      0
18 18      0
18 19      0
18 20      0
18 21      0
18 22      0
18 23      1
19  0      0
19  1      0
19  2      0
19  3      0
19  4      0
19  5      0
19  6      0
19  7      0
19  8      0
19  9      0
19 10      0
19 11      0
19 12      0
19 13      0
19 14      0
19 15      0
19 16      0
19 17      0
19 18      0
19 19      0
19 20      0
19 21      0
19 22      0
19 23      0
20  0      0
20  1      0
20  2      0
20  3      0
20  4      0
20  5      0
20  6      0
20  7      0
20  8      0
20  9      0
20 10      0
20 11      0
20 12      0
20 13      0
20 14      0
20 15      0
20 16      0
20 17      0
20 18      0
20 19      1
20 20      0
20 21      0
20 22      0
20 23      0
21  0      0
21  1      0
21  2      0
21  3      0
21  4      0
21  5      0
21  6      0
21  7      0
21  8      0
21  9      0
21 10      0
21 11      0
21 12      0
21 13      0
21 14      0
21 15      0
21 16      0
21 17      0
21 18      0
21 19      0
21 20      0
21 21      0
21 22      0
21 23      0
22  0      0
22  1      0
22  2      0
22  3      0
22  4      0
22  5      0
22  6      0
22  7      0
22  8      0
22  9      1
22 10      0
22 11      0
22 12      0
22 13      0
22 14      0
22 15      0
22 16      0
22 17      0
22 18      0
22 19      0
22 20      0
22 21      0
22 22      1
22 23      0
23  0      0
23  1      0
23  2      0
23  3      0
23  4      0
23  5      0
23  6      0
23  7      0
23  8      0
23  9      0
23 10      0
23 11      0
23 12      0
23 13      0
23 14      0
23 15      1
23 16      0
23 17      0
23 18      0
23 19      0
23 20      0
23 21      0
23 22      0
23 23      0
