# X range (from, step, n_bins) :
-180 15 24
# X range (from, step, n_bins) :
-180 15 24
# data:
 0  0     44
 0  1      7
 0  2      0
 0  3      0
 0  4      0
 0  5      0
 0  6      0
 0  7      2
 0  8      2
 0  9      0
 0 10      0
 0 11      0
 0 12      1
 0 13      0
 0 14      1
 0 15      1
 0 16      3
 0 17      5
 0 18      9
 0 19      9
 0 20     14
 0 21     14
 0 22     35
 0 23     87
 1  0    198
 1  1     21
 1  2      0
 1  3      0
 1  4      2
 1  5      1
 1  6      0
 1  7      4
 1  8      3
 1  9      2
 1 10      2
 1 11      2
 1 12     19
 1 13     14
 1 14     15
 1 15     20
 1 16     29
 1 17     55
 1 18    100
 1 19     86
 1 20     76
 1 21    125
 1 22    246
 1 23    351
 2  0    130
 2  1     26
 2  2      4
 2  3      1
 2  4      2
 2  5      3
 2  6      5
 2  7      5
 2  8      2
 2  9      7
 2 10     15
 2 11     16
 2 12    101
 2 13     99
 2 14     69
 2 15     69
 2 16     70
 2 17     86
 2 18    137
 2 19    175
 2 20    169
 2 21    239
 2 22    263
 2 23    209
 3  0     74
 3  1     40
 3  2      5
 3  3      5
 3  4      7
 3  5     10
 3  6      8
 3  7      7
 3  8     12
 3  9     18
 3 10     55
 3 11     98
 3 12    243
 3 13    314
 3 14    168
 3 15     67
 3 16     52
 3 17     80
 3 18    151
 3 19    296
 3 20    248
 3 21    313
 3 22    224
 3 23    123
 4  0     67
 4  1     20
 4  2      5
 4  3      5
 4  4      0
 4  5      6
 4  6      3
 4  7     10
 4  8     38
 4  9     48
 4 10    176
 4 11    314
 4 12    624
 4 13    663
 4 14    147
 4 15     27
 4 16     26
 4 17     65
 4 18    229
 4 19    414
 4 20    400
 4 21    357
 4 22    242
 4 23    102
 5  0    114
 5  1      9
 5  2      4
 5  3      1
 5  4      1
 5  5      2
 5  6      7
 5  7     11
 5  8     39
 5  9    121
 5 10    266
 5 11    641
 5 12   1634
 5 13    603
 5 14     72
 5 15     54
 5 16     74
 5 17    139
 5 18    439
 5 19    548
 5 20    446
 5 21    327
 5 22    262
 5 23    173
 6  0    189
 6  1      5
 6  2      0
 6  3      0
 6  4      0
 6  5      0
 6  6      5
 6  7     10
 6  8     78
 6  9    359
 6 10    535
 6 11   1129
 6 12    745
 6 13     58
 6 14     22
 6 15     98
 6 16    281
 6 17    247
 6 18    392
 6 19    539
 6 20    434
 6 21    406
 6 22    289
 6 23    304
 7  0     17
 7  1      0
 7  2      0
 7  3      0
 7  4      0
 7  5      0
 7  6      0
 7  7      6
 7  8    708
 7  9   5126
 7 10   1503
 7 11    660
 7 12     38
 7 13      2
 7 14      0
 7 15      3
 7 16      7
 7 17      7
 7 18     34
 7 19    204
 7 20    435
 7 21    620
 7 22    367
 7 23    122
 8  0      1
 8  1      1
 8  2      0
 8  3      0
 8  4      1
 8  5      0
 8  6      2
 8  7      7
 8  8    714
 8  9   1445
 8 10    166
 8 11      5
 8 12      0
 8 13      0
 8 14      0
 8 15      0
 8 16      0
 8 17      1
 8 18      0
 8 19     34
 8 20    318
 8 21    281
 8 22     55
 8 23      1
 9  0      0
 9  1      0
 9  2      0
 9  3      0
 9  4      0
 9  5      0
 9  6      0
 9  7      6
 9  8     12
 9  9      8
 9 10      0
 9 11      0
 9 12      0
 9 13      0
 9 14      0
 9 15      0
 9 16      0
 9 17      0
 9 18      0
 9 19      8
 9 20     23
 9 21      6
 9 22      0
 9 23      0
10  0      0
10  1      0
10  2      0
10  3      0
10  4      0
10  5      0
10  6      0
10  7      3
10  8      0
10  9      0
10 10      1
10 11      0
10 12      0
10 13      0
10 14      0
10 15      0
10 16      0
10 17      1
10 18      1
10 19      2
10 20      2
10 21      0
10 22      0
10 23      0
11  0      0
11  1      0
11  2      0
11  3      0
11  4      1
11  5      0
11  6      0
11  7      1
11  8      0
11  9      0
11 10      1
11 11      0
11 12      0
11 13      0
11 14      0
11 15      0
11 16      0
11 17      0
11 18      0
11 19      0
11 20      0
11 21      0
11 22      0
11 23      0
12  0      0
12  1      0
12  2      0
12  3      0
12  4      0
12  5      1
12  6      1
12  7      0
12  8      0
12  9      0
12 10      0
12 11      1
12 12      0
12 13      0
12 14      0
12 15      0
12 16      0
12 17      1
12 18      0
12 19      0
12 20      0
12 21      0
12 22      0
12 23      0
13  0      0
13  1      0
13  2      0
13  3      0
13  4      1
13  5      0
13  6      0
13  7      0
13  8      0
13  9      0
13 10      0
13 11      0
13 12      1
13 13      0
13 14      0
13 15      1
13 16      1
13 17      1
13 18      1
13 19      0
13 20      0
13 21      0
13 22      0
13 23      0
14  0      0
14  1      0
14  2      1
14  3      7
14  4      3
14  5      1
14  6      0
14  7      0
14  8      0
14  9      0
14 10      0
14 11      0
14 12      1
14 13      2
14 14     23
14 15    118
14 16     31
14 17      2
14 18      1
14 19      0
14 20      0
14 21      0
14 22      0
14 23      0
15  0      0
15  1      2
15  2     12
15  3     50
15  4     27
15  5      3
15  6      0
15  7      0
15  8      1
15  9      0
15 10      1
15 11      1
15 12      6
15 13    273
15 14   1773
15 15   1004
15 16     74
15 17      9
15 18      0
15 19      0
15 20      0
15 21      0
15 22      0
15 23      0
16  0      3
16  1      5
16  2      6
16  3      2
16  4      5
16  5      4
16  6      2
16  7      3
16  8      7
16  9      6
16 10      6
16 11     32
16 12    334
16 13    715
16 14    489
16 15     92
16 16     34
16 17      6
16 18      0
16 19      1
16 20      1
16 21      1
16 22      0
16 23      9
17  0      1
17  1      0
17  2      0
17  3      1
17  4      2
17  5      0
17  6      1
17  7      1
17  8      3
17  9      1
17 10      8
17 11     55
17 12     68
17 13     22
17 14      4
17 15      2
17 16      1
17 17      0
17 18      1
17 19      1
17 20      1
17 21      0
17 22      1
17 23      4
18  0      0
18  1      0
18  2      0
18  3      0
18  4      1
18  5      0
18  6      0
18  7      0
18  8      0
18  9      0
18 10      0
18 11      5
18 12      0
18 13      0
18 14      2
18 15      0
18 16      0
18 17      0
18 18      0
18 19      0
18 20      1
18 21      0
18 22      0
18 23      1
19  0      0
19  1      1
19  2      0
19  3      0
19  4      0
19  5      0
19  6      0
19  7      0
19  8      0
19  9      0
19 10      1
19 11      1
19 12      0
19 13      0
19 14      0
19 15      0
19 16      0
19 17      0
19 18      1
19 19      0
19 20      0
19 21      0
19 22      0
19 23      0
20  0      0
20  1      0
20  2      0
20  3      0
20  4      0
20  5      0
20  6      0
20  7      0
20  8      0
20  9      0
20 10      0
20 11      0
20 12      0
20 13      0
20 14      0
20 15      0
20 16      0
20 17      0
20 18      0
20 19      0
20 20      0
20 21      0
20 22      0
20 23      0
21  0      0
21  1      0
21  2      0
21  3      0
21  4      1
21  5      0
21  6      0
21  7      0
21  8      1
21  9      1
21 10      0
21 11      0
21 12      0
21 13      0
21 14      0
21 15      1
21 16      0
21 17      0
21 18      0
21 19      0
21 20      0
21 21      0
21 22      0
21 23      0
22  0      0
22  1      0
22  2      0
22  3      0
22  4      0
22  5      0
22  6      0
22  7      0
22  8      0
22  9      0
22 10      0
22 11      0
22 12      0
22 13      0
22 14      0
22 15      0
22 16      0
22 17      0
22 18      0
22 19      0
22 20      0
22 21      0
22 22      0
22 23      0
23  0      1
23  1      0
23  2      0
23  3      1
23  4      0
23  5      0
23  6      0
23  7      0
23  8      1
23  9      0
23 10      0
23 11      0
23 12      0
23 13      0
23 14      0
23 15      0
23 16      0
23 17      0
23 18      1
23 19      0
23 20      0
23 21      2
23 22      4
23 23      6
