# X range (from, step, n_bins) :
-180 15 24
# X range (from, step, n_bins) :
-180 15 24
# data:
 0  0      6
 0  1      1
 0  2      0
 0  3      0
 0  4      0
 0  5      0
 0  6      0
 0  7      1
 0  8      0
 0  9      1
 0 10      0
 0 11      0
 0 12      0
 0 13      0
 0 14      0
 0 15      0
 0 16      0
 0 17      1
 0 18      0
 0 19      0
 0 20      9
 0 21     21
 0 22     49
 0 23     37
 1  0      8
 1  1      4
 1  2      2
 1  3      0
 1  4      0
 1  5      0
 1  6      1
 1  7      2
 1  8      0
 1  9      1
 1 10      2
 1 11      0
 1 12      0
 1 13      1
 1 14      1
 1 15      3
 1 16     10
 1 17      5
 1 18      8
 1 19     32
 1 20     99
 1 21    199
 1 22    276
 1 23    101
 2  0     12
 2  1      1
 2  2      0
 2  3      1
 2  4      0
 2  5      0
 2  6      0
 2  7      1
 2  8      3
 2  9      1
 2 10      5
 2 11      4
 2 12     12
 2 13     13
 2 14     16
 2 15     11
 2 16     10
 2 17     12
 2 18     39
 2 19     85
 2 20    260
 2 21    536
 2 22    475
 2 23    102
 3  0     19
 3  1      5
 3  2      1
 3  3      1
 3  4      3
 3  5      6
 3  6      4
 3  7      7
 3  8     13
 3  9     21
 3 10     37
 3 11     50
 3 12     80
 3 13     86
 3 14     54
 3 15     26
 3 16     21
 3 17     27
 3 18     49
 3 19    175
 3 20    509
 3 21    638
 3 22    410
 3 23     86
 4  0     13
 4  1     10
 4  2      1
 4  3      3
 4  4      3
 4  5      0
 4  6      8
 4  7     16
 4  8     34
 4  9     86
 4 10    116
 4 11    181
 4 12    284
 4 13    195
 4 14     44
 4 15     15
 4 16     10
 4 17     25
 4 18     87
 4 19    248
 4 20    511
 4 21    500
 4 22    290
 4 23     89
 5  0      9
 5  1      4
 5  2      3
 5  3      4
 5  4      0
 5  5      3
 5  6      6
 5  7      9
 5  8     57
 5  9    169
 5 10    268
 5 11    581
 5 12    591
 5 13     98
 5 14     16
 5 15     21
 5 16     29
 5 17     45
 5 18     92
 5 19    250
 5 20    529
 5 21    384
 5 22    239
 5 23     78
 6  0      9
 6  1      3
 6  2      0
 6  3      0
 6  4      1
 6  5      1
 6  6      0
 6  7      6
 6  8    113
 6  9    519
 6 10    590
 6 11    878
 6 12    237
 6 13     14
 6 14      4
 6 15     19
 6 16     78
 6 17     63
 6 18     69
 6 19    227
 6 20    469
 6 21    435
 6 22    291
 6 23     91
 7  0      0
 7  1      0
 7  2      0
 7  3      0
 7  4      1
 7  5      1
 7  6      0
 7  7     11
 7  8   1489
 7  9   8530
 7 10   1794
 7 11    438
 7 12     11
 7 13      1
 7 14      0
 7 15      1
 7 16      0
 7 17      2
 7 18     10
 7 19     58
 7 20    458
 7 21    641
 7 22    253
 7 23     31
 8  0      0
 8  1      0
 8  2      0
 8  3      0
 8  4      0
 8  5      0
 8  6      0
 8  7      7
 8  8   1231
 8  9   2256
 8 10    271
 8 11      0
 8 12      0
 8 13      0
 8 14      0
 8 15      0
 8 16      0
 8 17      1
 8 18      1
 8 19      9
 8 20    282
 8 21    249
 8 22     45
 8 23      1
 9  0      0
 9  1      0
 9  2      0
 9  3      0
 9  4      0
 9  5      0
 9  6      0
 9  7      1
 9  8     19
 9  9     12
 9 10      0
 9 11      0
 9 12      1
 9 13      0
 9 14      0
 9 15      0
 9 16      0
 9 17      0
 9 18      0
 9 19      1
 9 20     19
 9 21      5
 9 22      0
 9 23      0
10  0      0
10  1      0
10  2      0
10  3      0
10  4      0
10  5      0
10  6      1
10  7      1
10  8      0
10  9      0
10 10      0
10 11      0
10 12      0
10 13      0
10 14      0
10 15      0
10 16      0
10 17      0
10 18      0
10 19      1
10 20      0
10 21      0
10 22      0
10 23      0
11  0      0
11  1      0
11  2      0
11  3      0
11  4      0
11  5      0
11  6      0
11  7      0
11  8      0
11  9      0
11 10      0
11 11      0
11 12      0
11 13      0
11 14      0
11 15      0
11 16      0
11 17      0
11 18      0
11 19      0
11 20      1
11 21      0
11 22      0
11 23      0
12  0      0
12  1      0
12  2      0
12  3      0
12  4      0
12  5      0
12  6      0
12  7      0
12  8      0
12  9      0
12 10      0
12 11      0
12 12      0
12 13      0
12 14      0
12 15      0
12 16      0
12 17      0
12 18      0
12 19      1
12 20      0
12 21      0
12 22      0
12 23      0
13  0      0
13  1      0
13  2      0
13  3      0
13  4      0
13  5      0
13  6      0
13  7      0
13  8      0
13  9      0
13 10      0
13 11      0
13 12      0
13 13      0
13 14      0
13 15      1
13 16      0
13 17      0
13 18      0
13 19      0
13 20      0
13 21      0
13 22      0
13 23      0
14  0      0
14  1      0
14  2      0
14  3      1
14  4      0
14  5      0
14  6      1
14  7      0
14  8      0
14  9      0
14 10      0
14 11      0
14 12      0
14 13      0
14 14      5
14 15     23
14 16      3
14 17      2
14 18      0
14 19      1
14 20      0
14 21      0
14 22      0
14 23      0
15  0      0
15  1      0
15  2      6
15  3     20
15  4     13
15  5      0
15  6      0
15  7      0
15  8      0
15  9      0
15 10      0
15 11      0
15 12      2
15 13     61
15 14    311
15 15    245
15 16     17
15 17      2
15 18      1
15 19      0
15 20      0
15 21      0
15 22      0
15 23      0
16  0      2
16  1      2
16  2      1
16  3      1
16  4      1
16  5      2
16  6      0
16  7      3
16  8      6
16  9      4
16 10      1
16 11      4
16 12     73
16 13    124
16 14     95
16 15     16
16 16      2
16 17      1
16 18      2
16 19      1
16 20      2
16 21      0
16 22      3
16 23      1
17  0      0
17  1      0
17  2      0
17  3      0
17  4      0
17  5      0
17  6      0
17  7      3
17  8      2
17  9      0
17 10      2
17 11      8
17 12     16
17 13      7
17 14      0
17 15      0
17 16      0
17 17      0
17 18      1
17 19      5
17 20      2
17 21      0
17 22      3
17 23      1
18  0      0
18  1      0
18  2      0
18  3      0
18  4      0
18  5      0
18  6      0
18  7      0
18  8      0
18  9      0
18 10      0
18 11      1
18 12      0
18 13      0
18 14      1
18 15      0
18 16      0
18 17      0
18 18      1
18 19      1
18 20      0
18 21      0
18 22      0
18 23      0
19  0      0
19  1      0
19  2      0
19  3      0
19  4      0
19  5      0
19  6      0
19  7      0
19  8      1
19  9      0
19 10      0
19 11      0
19 12      0
19 13      0
19 14      0
19 15      0
19 16      0
19 17      0
19 18      0
19 19      0
19 20      0
19 21      0
19 22      0
19 23      0
20  0      0
20  1      0
20  2      0
20  3      0
20  4      0
20  5      0
20  6      0
20  7      0
20  8      0
20  9      1
20 10      0
20 11      0
20 12      0
20 13      0
20 14      0
20 15      0
20 16      0
20 17      0
20 18      0
20 19      0
20 20      0
20 21      0
20 22      0
20 23      0
21  0      0
21  1      0
21  2      0
21  3      0
21  4      0
21  5      0
21  6      0
21  7      0
21  8      0
21  9      0
21 10      0
21 11      0
21 12      0
21 13      0
21 14      0
21 15      0
21 16      0
21 17      0
21 18      0
21 19      0
21 20      0
21 21      0
21 22      0
21 23      0
22  0      0
22  1      0
22  2      0
22  3      0
22  4      0
22  5      0
22  6      0
22  7      0
22  8      0
22  9      0
22 10      0
22 11      0
22 12      0
22 13      0
22 14      0
22 15      0
22 16      0
22 17      0
22 18      0
22 19      0
22 20      0
22 21      0
22 22      0
22 23      0
23  0      0
23  1      0
23  2      0
23  3      0
23  4      0
23  5      0
23  6      0
23  7      0
23  8      0
23  9      0
23 10      0
23 11      0
23 12      0
23 13      0
23 14      0
23 15      0
23 16      0
23 17      0
23 18      0
23 19      1
23 20      0
23 21      0
23 22      1
23 23      0
