# X range (from, step, n_bins) :
-180 15 24
# X range (from, step, n_bins) :
-180 15 24
# data:
 0  0     10
 0  1      0
 0  2      1
 0  3      0
 0  4      0
 0  5      0
 0  6      0
 0  7      0
 0  8      0
 0  9      1
 0 10      0
 0 11      0
 0 12      1
 0 13      0
 0 14      0
 0 15      0
 0 16      0
 0 17      0
 0 18      1
 0 19      2
 0 20     11
 0 21     32
 0 22     93
 0 23     74
 1  0     19
 1  1      1
 1  2      1
 1  3      0
 1  4      0
 1  5      1
 1  6      0
 1  7      0
 1  8      1
 1  9      2
 1 10      0
 1 11      3
 1 12      3
 1 13      2
 1 14      4
 1 15      2
 1 16      5
 1 17      3
 1 18      7
 1 19     23
 1 20    109
 1 21    320
 1 22    417
 1 23    239
 2  0     14
 2  1      1
 2  2      1
 2  3      0
 2  4      1
 2  5      1
 2  6      0
 2  7      5
 2  8     11
 2  9      8
 2 10      7
 2 11     11
 2 12     21
 2 13     27
 2 14     24
 2 15     16
 2 16     23
 2 17     13
 2 18     35
 2 19    130
 2 20    403
 2 21    816
 2 22    777
 2 23    205
 3  0     23
 3  1     10
 3  2      4
 3  3      5
 3  4      4
 3  5      3
 3  6      1
 3  7     10
 3  8     26
 3  9     49
 3 10     83
 3 11     87
 3 12    153
 3 13    132
 3 14     86
 3 15     32
 3 16     34
 3 17     31
 3 18     77
 3 19    266
 3 20    839
 3 21   1078
 3 22    745
 3 23    170
 4  0     20
 4  1      8
 4  2      5
 4  3      6
 4  4      6
 4  5      5
 4  6      6
 4  7     12
 4  8     46
 4  9    113
 4 10    187
 4 11    249
 4 12    347
 4 13    249
 4 14     45
 4 15     16
 4 16     14
 4 17     21
 4 18     91
 4 19    318
 4 20    817
 4 21    679
 4 22    376
 4 23     97
 5  0     13
 5  1      6
 5  2      6
 5  3      1
 5  4      2
 5  5      6
 5  6      8
 5  7     12
 5  8     60
 5  9    183
 5 10    279
 5 11    516
 5 12    627
 5 13    117
 5 14     20
 5 15     17
 5 16     45
 5 17     47
 5 18    102
 5 19    375
 5 20    746
 5 21    508
 5 22    254
 5 23     96
 6  0     10
 6  1      6
 6  2      1
 6  3      1
 6  4      0
 6  5      0
 6  6      3
 6  7     21
 6  8    129
 6  9    611
 6 10    691
 6 11    934
 6 12    249
 6 13      7
 6 14      5
 6 15     22
 6 16    105
 6 17     76
 6 18     94
 6 19    268
 6 20    680
 6 21    663
 6 22    375
 6 23    141
 7  0      2
 7  1      0
 7  2      0
 7  3      0
 7  4      0
 7  5      0
 7  6      0
 7  7     15
 7  8   2142
 7  9   9857
 7 10   2284
 7 11    577
 7 12     14
 7 13      2
 7 14      0
 7 15      0
 7 16      2
 7 17      2
 7 18     10
 7 19     60
 7 20    624
 7 21    996
 7 22    469
 7 23     58
 8  0      0
 8  1      0
 8  2      0
 8  3      0
 8  4      0
 8  5      0
 8  6      0
 8  7      6
 8  8   2144
 8  9   3128
 8 10    394
 8 11      7
 8 12      0
 8 13      0
 8 14      1
 8 15      0
 8 16      0
 8 17      1
 8 18      0
 8 19     18
 8 20    384
 8 21    391
 8 22     49
 8 23      1
 9  0      0
 9  1      0
 9  2      0
 9  3      0
 9  4      0
 9  5      0
 9  6      2
 9  7      3
 9  8     43
 9  9     20
 9 10      1
 9 11      0
 9 12      0
 9 13      0
 9 14      0
 9 15      0
 9 16      0
 9 17      0
 9 18      1
 9 19      3
 9 20     20
 9 21      7
 9 22      0
 9 23      0
10  0      0
10  1      0
10  2      0
10  3      0
10  4      0
10  5      0
10  6      0
10  7      1
10  8      0
10  9      0
10 10      0
10 11      0
10 12      0
10 13      0
10 14      0
10 15      0
10 16      0
10 17      0
10 18      1
10 19      3
10 20      1
10 21      0
10 22      0
10 23      0
11  0      0
11  1      0
11  2      0
11  3      0
11  4      0
11  5      0
11  6      0
11  7      0
11  8      0
11  9      0
11 10      0
11 11      0
11 12      0
11 13      0
11 14      0
11 15      0
11 16      0
11 17      0
11 18      1
11 19      1
11 20      0
11 21      0
11 22      0
11 23      0
12  0      0
12  1      0
12  2      0
12  3      0
12  4      0
12  5      0
12  6      0
12  7      0
12  8      1
12  9      0
12 10      0
12 11      0
12 12      0
12 13      0
12 14      0
12 15      0
12 16      0
12 17      0
12 18      0
12 19      0
12 20      0
12 21      0
12 22      0
12 23      0
13  0      0
13  1      0
13  2      0
13  3      0
13  4      0
13  5      0
13  6      0
13  7      0
13  8      0
13  9      0
13 10      0
13 11      0
13 12      0
13 13      0
13 14      0
13 15      1
13 16      1
13 17      0
13 18      0
13 19      0
13 20      0
13 21      0
13 22      0
13 23      0
14  0      0
14  1      0
14  2      0
14  3      5
14  4      1
14  5      0
14  6      1
14  7      0
14  8      0
14  9      0
14 10      0
14 11      0
14 12      0
14 13      0
14 14      8
14 15     31
14 16      6
14 17      0
14 18      0
14 19      1
14 20      0
14 21      0
14 22      0
14 23      0
15  0      1
15  1      3
15  2      9
15  3     26
15  4     11
15  5      0
15  6      0
15  7      1
15  8      1
15  9      0
15 10      0
15 11      1
15 12      2
15 13     74
15 14    342
15 15    241
15 16     25
15 17      3
15 18      0
15 19      1
15 20      0
15 21      0
15 22      0
15 23      0
16  0      3
16  1      3
16  2      3
16  3      0
16  4      1
16  5      1
16  6      0
16  7      6
16  8     11
16  9      5
16 10      2
16 11     14
16 12     96
16 13    170
16 14    118
16 15     22
16 16      8
16 17      0
16 18      1
16 19      1
16 20      0
16 21      0
16 22      0
16 23      3
17  0      0
17  1      0
17  2      0
17  3      1
17  4      0
17  5      0
17  6      0
17  7      2
17  8      6
17  9      4
17 10      8
17 11     28
17 12     21
17 13      3
17 14      1
17 15      0
17 16      1
17 17      0
17 18      0
17 19      1
17 20      3
17 21      7
17 22      1
17 23      2
18  0      0
18  1      0
18  2      0
18  3      0
18  4      0
18  5      0
18  6      0
18  7      0
18  8      1
18  9      0
18 10      1
18 11      0
18 12      0
18 13      0
18 14      0
18 15      1
18 16      0
18 17      0
18 18      0
18 19      1
18 20      0
18 21      1
18 22      0
18 23      0
19  0      0
19  1      0
19  2      0
19  3      0
19  4      0
19  5      0
19  6      0
19  7      0
19  8      0
19  9      0
19 10      0
19 11      0
19 12      0
19 13      0
19 14      0
19 15      0
19 16      0
19 17      0
19 18      0
19 19      0
19 20      0
19 21      0
19 22      0
19 23      0
20  0      0
20  1      0
20  2      0
20  3      0
20  4      0
20  5      0
20  6      0
20  7      0
20  8      0
20  9      0
20 10      0
20 11      0
20 12      0
20 13      0
20 14      0
20 15      0
20 16      0
20 17      0
20 18      0
20 19      0
20 20      0
20 21      0
20 22      0
20 23      0
21  0      0
21  1      0
21  2      0
21  3      0
21  4      0
21  5      0
21  6      0
21  7      0
21  8      0
21  9      0
21 10      0
21 11      0
21 12      0
21 13      0
21 14      0
21 15      0
21 16      0
21 17      0
21 18      0
21 19      0
21 20      1
21 21      1
21 22      0
21 23      0
22  0      0
22  1      0
22  2      0
22  3      0
22  4      0
22  5      0
22  6      0
22  7      0
22  8      0
22  9      0
22 10      0
22 11      0
22 12      0
22 13      0
22 14      0
22 15      0
22 16      0
22 17      0
22 18      0
22 19      0
22 20      0
22 21      0
22 22      0
22 23      0
23  0      1
23  1      0
23  2      0
23  3      0
23  4      0
23  5      0
23  6      0
23  7      0
23  8      0
23  9      0
23 10      1
23 11      0
23 12      1
23 13      1
23 14      1
23 15      0
23 16      0
23 17      0
23 18      0
23 19      1
23 20      0
23 21      0
23 22      1
23 23      4
