# X range (from, step, n_bins) :
-180 15 24
# X range (from, step, n_bins) :
-180 15 24
# data:
 0  0     48
 0  1      5
 0  2      0
 0  3      0
 0  4      0
 0  5      0
 0  6      0
 0  7      0
 0  8      0
 0  9      3
 0 10      0
 0 11      1
 0 12      2
 0 13      0
 0 14      0
 0 15      0
 0 16      1
 0 17      0
 0 18      2
 0 19      7
 0 20     25
 0 21     61
 0 22    258
 0 23    281
 1  0    234
 1  1     40
 1  2      5
 1  3      1
 1  4      2
 1  5      4
 1  6      3
 1  7      3
 1  8      4
 1  9      2
 1 10      5
 1 11      4
 1 12     11
 1 13     10
 1 14     12
 1 15      4
 1 16      5
 1 17     13
 1 18     18
 1 19     69
 1 20    169
 1 21    537
 1 22   1428
 1 23    942
 2  0    147
 2  1     48
 2  2      9
 2  3      4
 2  4      7
 2  5     12
 2  6      6
 2  7     16
 2  8     14
 2  9     17
 2 10     29
 2 11     42
 2 12     54
 2 13     56
 2 14     43
 2 15     35
 2 16     24
 2 17     34
 2 18     53
 2 19    157
 2 20    408
 2 21    898
 2 22   1410
 2 23    613
 3  0     78
 3  1     28
 3  2      8
 3  3      6
 3  4      2
 3  5      8
 3  6     11
 3  7     19
 3  8     23
 3  9     40
 3 10     80
 3 11    147
 3 12    181
 3 13    124
 3 14     82
 3 15     14
 3 16     21
 3 17     20
 3 18     63
 3 19    224
 3 20    549
 3 21   1016
 3 22    990
 3 23    323
 4  0     71
 4  1     27
 4  2     10
 4  3      7
 4  4      6
 4  5      7
 4  6     15
 4  7     20
 4  8     31
 4  9     78
 4 10    201
 4 11    304
 4 12    395
 4 13    199
 4 14     42
 4 15     10
 4 16     11
 4 17     23
 4 18     64
 4 19    261
 4 20    597
 4 21    731
 4 22    576
 4 23    233
 5  0     87
 5  1     25
 5  2     15
 5  3      8
 5  4      4
 5  5      5
 5  6      7
 5  7     17
 5  8     57
 5  9    144
 5 10    465
 5 11    878
 5 12    791
 5 13    139
 5 14     21
 5 15     17
 5 16     19
 5 17     30
 5 18     81
 5 19    276
 5 20    500
 5 21    542
 5 22    484
 5 23    324
 6  0     81
 6  1     13
 6  2      2
 6  3      0
 6  4      1
 6  5      2
 6  6      4
 6  7     12
 6  8    120
 6  9    442
 6 10   1231
 6 11   2011
 6 12    405
 6 13     16
 6 14      9
 6 15     41
 6 16     80
 6 17     46
 6 18     60
 6 19    222
 6 20    487
 6 21    686
 6 22   1035
 6 23    758
 7  0     16
 7  1      0
 7  2      0
 7  3      0
 7  4      0
 7  5      0
 7  6      0
 7  7      8
 7  8   1427
 7  9   7335
 7 10   4452
 7 11   1509
 7 12     23
 7 13      1
 7 14      2
 7 15      4
 7 16      1
 7 17      2
 7 18     12
 7 19     74
 7 20    519
 7 21   1535
 7 22   1863
 7 23    561
 8  0      0
 8  1      0
 8  2      0
 8  3      0
 8  4      1
 8  5      0
 8  6      1
 8  7     14
 8  8   1164
 8  9   2492
 8 10    692
 8 11     13
 8 12      2
 8 13      0
 8 14      0
 8 15      0
 8 16      0
 8 17      0
 8 18      1
 8 19     12
 8 20    433
 8 21    721
 8 22    172
 8 23     11
 9  0      0
 9  1      0
 9  2      1
 9  3      0
 9  4      0
 9  5      0
 9  6      1
 9  7      9
 9  8     23
 9  9     14
 9 10      4
 9 11      0
 9 12      0
 9 13      0
 9 14      0
 9 15      0
 9 16      0
 9 17      0
 9 18      1
 9 19      4
 9 20     34
 9 21     12
 9 22      2
 9 23      2
10  0      0
10  1      0
10  2      0
10  3      0
10  4      0
10  5      0
10  6      1
10  7      3
10  8      2
10  9      0
10 10      0
10 11      0
10 12      0
10 13      0
10 14      0
10 15      0
10 16      0
10 17      0
10 18      0
10 19      2
10 20      1
10 21      0
10 22      0
10 23      0
11  0      0
11  1      0
11  2      0
11  3      0
11  4      0
11  5      0
11  6      0
11  7      1
11  8      0
11  9      1
11 10      0
11 11      0
11 12      0
11 13      0
11 14      0
11 15      0
11 16      0
11 17      0
11 18      0
11 19      2
11 20      0
11 21      1
11 22      0
11 23      0
12  0      0
12  1      0
12  2      0
12  3      0
12  4      0
12  5      0
12  6      1
12  7      0
12  8      0
12  9      0
12 10      0
12 11      0
12 12      0
12 13      0
12 14      0
12 15      0
12 16      0
12 17      0
12 18      0
12 19      0
12 20      0
12 21      0
12 22      0
12 23      1
13  0      0
13  1      0
13  2      0
13  3      0
13  4      1
13  5      0
13  6      0
13  7      0
13  8      0
13  9      0
13 10      0
13 11      1
13 12      0
13 13      1
13 14      0
13 15      4
13 16      0
13 17      1
13 18      1
13 19      0
13 20      0
13 21      0
13 22      0
13 23      0
14  0      0
14  1      1
14  2      1
14  3      9
14  4      2
14  5      0
14  6      1
14  7      0
14  8      0
14  9      0
14 10      0
14 11      0
14 12      0
14 13      0
14 14      5
14 15     35
14 16      4
14 17      0
14 18      1
14 19      0
14 20      0
14 21      0
14 22      0
14 23      1
15  0      3
15  1      7
15  2     29
15  3     44
15  4     24
15  5      5
15  6      0
15  7      0
15  8      1
15  9      0
15 10      0
15 11      0
15 12      4
15 13     70
15 14    256
15 15    191
15 16     22
15 17      2
15 18      1
15 19      0
15 20      0
15 21      0
15 22      0
15 23      0
16  0      9
16  1     12
16  2      1
16  3     15
16  4     12
16  5      4
16  6      1
16  7      4
16  8      6
16  9      5
16 10      5
16 11     19
16 12     79
16 13    134
16 14     75
16 15     21
16 16      3
16 17      1
16 18      2
16 19      2
16 20      2
16 21      1
16 22      4
16 23      6
17  0      2
17  1      0
17  2      0
17  3      0
17  4      0
17  5      2
17  6      2
17  7      1
17  8      9
17  9      2
17 10      7
17 11     38
17 12     25
17 13      3
17 14      2
17 15      0
17 16      0
17 17      0
17 18      2
17 19      0
17 20      0
17 21      5
17 22      6
17 23      5
18  0      0
18  1      0
18  2      0
18  3      0
18  4      0
18  5      0
18  6      1
18  7      0
18  8      0
18  9      0
18 10      2
18 11      6
18 12      0
18 13      0
18 14      0
18 15      0
18 16      0
18 17      1
18 18      2
18 19      0
18 20      1
18 21      2
18 22      4
18 23      0
19  0      0
19  1      0
19  2      0
19  3      0
19  4      0
19  5      0
19  6      0
19  7      0
19  8      0
19  9      0
19 10      0
19 11      2
19 12      1
19 13      0
19 14      0
19 15      0
19 16      0
19 17      0
19 18      1
19 19      0
19 20      1
19 21      1
19 22      0
19 23      0
20  0      0
20  1      0
20  2      0
20  3      0
20  4      0
20  5      0
20  6      0
20  7      0
20  8      0
20  9      1
20 10      1
20 11      0
20 12      0
20 13      0
20 14      0
20 15      0
20 16      0
20 17      0
20 18      0
20 19      1
20 20      0
20 21      0
20 22      0
20 23      0
21  0      0
21  1      0
21  2      0
21  3      0
21  4      0
21  5      0
21  6      0
21  7      0
21  8      0
21  9      1
21 10      1
21 11      1
21 12      0
21 13      0
21 14      0
21 15      0
21 16      0
21 17      1
21 18      1
21 19      0
21 20      0
21 21      0
21 22      0
21 23      0
22  0      1
22  1      0
22  2      0
22  3      1
22  4      1
22  5      0
22  6      0
22  7      0
22  8      0
22  9      0
22 10      0
22 11      1
22 12      0
22 13      0
22 14      0
22 15      0
22 16      0
22 17      0
22 18      0
22 19      0
22 20      0
22 21      0
22 22      2
22 23      1
23  0      1
23  1      0
23  2      0
23  3      0
23  4      0
23  5      0
23  6      0
23  7      1
23  8      0
23  9      1
23 10      0
23 11      1
23 12      0
23 13      0
23 14      0
23 15      0
23 16      0
23 17      0
23 18      0
23 19      0
23 20      1
23 21      7
23 22     10
23 23      6
