# X range (from, step, n_bins) :
-180 15 24
# X range (from, step, n_bins) :
-180 15 24
# data:
 0  0     18
 0  1      1
 0  2      0
 0  3      0
 0  4      0
 0  5      0
 0  6      0
 0  7      0
 0  8      0
 0  9      0
 0 10      0
 0 11      0
 0 12      0
 0 13      0
 0 14      0
 0 15      0
 0 16      0
 0 17      0
 0 18      0
 0 19      0
 0 20      2
 0 21     18
 0 22     60
 0 23     30
 1  0    195
 1  1     21
 1  2      1
 1  3      0
 1  4      0
 1  5      0
 1  6      1
 1  7      1
 1  8      0
 1  9      2
 1 10      1
 1 11      0
 1 12      2
 1 13      0
 1 14      1
 1 15      0
 1 16      0
 1 17      1
 1 18      1
 1 19      4
 1 20     17
 1 21    216
 1 22    479
 1 23    261
 2  0    225
 2  1     54
 2  2      3
 2  3      2
 2  4      2
 2  5      4
 2  6      3
 2  7      1
 2  8      4
 2  9     11
 2 10     25
 2 11     25
 2 12     37
 2 13     29
 2 14     14
 2 15      8
 2 16      6
 2 17     14
 2 18     26
 2 19     69
 2 20    400
 2 21    833
 2 22   1276
 2 23    848
 3  0    211
 3  1     22
 3  2      4
 3  3     12
 3  4      9
 3  5     31
 3  6     33
 3  7     31
 3  8     47
 3  9     95
 3 10    331
 3 11    402
 3 12    373
 3 13    227
 3 14     92
 3 15     19
 3 16     16
 3 17     23
 3 18     52
 3 19    318
 3 20   1692
 3 21   1548
 3 22   1938
 3 23   1007
 4  0    108
 4  1     17
 4  2     14
 4  3      7
 4  4     12
 4  5     15
 4  6     37
 4  7     44
 4  8     90
 4  9    122
 4 10    641
 4 11    721
 4 12    742
 4 13    352
 4 14     43
 4 15      6
 4 16      4
 4 17      4
 4 18     64
 4 19    461
 4 20   1923
 4 21    971
 4 22    834
 4 23    495
 5  0     99
 5  1     10
 5  2      1
 5  3      2
 5  4      5
 5  5      7
 5  6      9
 5  7     19
 5  8     96
 5  9    223
 5 10    716
 5 11   1039
 5 12    842
 5 13    142
 5 14     18
 5 15      9
 5 16      8
 5 17     19
 5 18     49
 5 19    388
 5 20   1081
 5 21    502
 5 22    497
 5 23    472
 6  0     75
 6  1      2
 6  2      2
 6  3      0
 6  4      0
 6  5      1
 6  6      5
 6  7     20
 6  8    200
 6  9    521
 6 10    870
 6 11   1273
 6 12    304
 6 13     13
 6 14      5
 6 15     18
 6 16     36
 6 17     37
 6 18     37
 6 19    239
 6 20    772
 6 21    441
 6 22    794
 6 23    729
 7  0      6
 7  1      0
 7  2      0
 7  3      0
 7  4      0
 7  5      0
 7  6      2
 7  7     13
 7  8   2573
 7  9   5939
 7 10   1646
 7 11    648
 7 12     23
 7 13      1
 7 14      1
 7 15      0
 7 16      1
 7 17      2
 7 18      5
 7 19     69
 7 20    735
 7 21    659
 7 22    728
 7 23    344
 8  0      2
 8  1      0
 8  2      0
 8  3      0
 8  4      0
 8  5      0
 8  6      0
 8  7     12
 8  8   1657
 8  9   1660
 8 10    168
 8 11     10
 8 12      1
 8 13      1
 8 14      0
 8 15      0
 8 16      0
 8 17      0
 8 18      1
 8 19     24
 8 20    447
 8 21    279
 8 22     39
 8 23      1
 9  0      0
 9  1      0
 9  2      0
 9  3      0
 9  4      0
 9  5      0
 9  6      0
 9  7      5
 9  8     38
 9  9     12
 9 10      0
 9 11      0
 9 12      0
 9 13      0
 9 14      0
 9 15      0
 9 16      0
 9 17      0
 9 18      0
 9 19      5
 9 20     26
 9 21      6
 9 22      0
 9 23      0
10  0      0
10  1      0
10  2      0
10  3      0
10  4      0
10  5      0
10  6      0
10  7      2
10  8      0
10  9      0
10 10      0
10 11      0
10 12      0
10 13      0
10 14      0
10 15      0
10 16      1
10 17      0
10 18      0
10 19      1
10 20      0
10 21      1
10 22      0
10 23      0
11  0      0
11  1      1
11  2      0
11  3      0
11  4      0
11  5      0
11  6      0
11  7      1
11  8      0
11  9      1
11 10      0
11 11      0
11 12      0
11 13      0
11 14      0
11 15      0
11 16      0
11 17      0
11 18      1
11 19      0
11 20      0
11 21      0
11 22      0
11 23      0
12  0      0
12  1      0
12  2      0
12  3      0
12  4      0
12  5      0
12  6      0
12  7      0
12  8      0
12  9      0
12 10      0
12 11      0
12 12      0
12 13      0
12 14      0
12 15      0
12 16      0
12 17      0
12 18      0
12 19      0
12 20      0
12 21      0
12 22      0
12 23      0
13  0      0
13  1      0
13  2      0
13  3      0
13  4      0
13  5      0
13  6      1
13  7      1
13  8      0
13  9      0
13 10      0
13 11      0
13 12      0
13 13      0
13 14      0
13 15      0
13 16      2
13 17      1
13 18      0
13 19      0
13 20      0
13 21      0
13 22      0
13 23      0
14  0      0
14  1      0
14  2      0
14  3      2
14  4      7
14  5      0
14  6      0
14  7      0
14  8      0
14  9      0
14 10      0
14 11      0
14 12      0
14 13      1
14 14      6
14 15     12
14 16      2
14 17      0
14 18      0
14 19      0
14 20      0
14 21      0
14 22      0
14 23      0
15  0      1
15  1      0
15  2      2
15  3      1
15  4      0
15  5      0
15  6      0
15  7      0
15  8      0
15  9      0
15 10      1
15 11      0
15 12      1
15 13      6
15 14     16
15 15     19
15 16      8
15 17      0
15 18      0
15 19      0
15 20      0
15 21      0
15 22      1
15 23      0
16  0      0
16  1      0
16  2      1
16  3      0
16  4      1
16  5      0
16  6      0
16  7      6
16  8      6
16  9      2
16 10      2
16 11     11
16 12     14
16 13      8
16 14      1
16 15      3
16 16      1
16 17      2
16 18      0
16 19      1
16 20      1
16 21      0
16 22     12
16 23      9
17  0      0
17  1      0
17  2      0
17  3      0
17  4      0
17  5      0
17  6      0
17  7      2
17  8      5
17  9      1
17 10      1
17 11     27
17 12     11
17 13      3
17 14      2
17 15      0
17 16      0
17 17      0
17 18      0
17 19      0
17 20      3
17 21      5
17 22      4
17 23      2
18  0      0
18  1      0
18  2      0
18  3      0
18  4      0
18  5      0
18  6      0
18  7      0
18  8      0
18  9      0
18 10      1
18 11      1
18 12      0
18 13      0
18 14      0
18 15      0
18 16      0
18 17      0
18 18      0
18 19      0
18 20      1
18 21      0
18 22      0
18 23      0
19  0      0
19  1      0
19  2      0
19  3      0
19  4      0
19  5      0
19  6      0
19  7      0
19  8      0
19  9      0
19 10      0
19 11      0
19 12      0
19 13      0
19 14      0
19 15      0
19 16      0
19 17      0
19 18      0
19 19      1
19 20      0
19 21      0
19 22      0
19 23      0
20  0      0
20  1      0
20  2      0
20  3      0
20  4      0
20  5      0
20  6      0
20  7      0
20  8      0
20  9      0
20 10      0
20 11      0
20 12      0
20 13      0
20 14      0
20 15      0
20 16      0
20 17      0
20 18      0
20 19      0
20 20      0
20 21      0
20 22      0
20 23      0
21  0      0
21  1      0
21  2      0
21  3      0
21  4      0
21  5      0
21  6      0
21  7      0
21  8      0
21  9      1
21 10      0
21 11      0
21 12      0
21 13      0
21 14      0
21 15      0
21 16      0
21 17      0
21 18      0
21 19      0
21 20      0
21 21      1
21 22      1
21 23      0
22  0      0
22  1      0
22  2      0
22  3      1
22  4      0
22  5      0
22  6      0
22  7      0
22  8      0
22  9      1
22 10      0
22 11      0
22 12      0
22 13      0
22 14      0
22 15      0
22 16      0
22 17      0
22 18      0
22 19      0
22 20      0
22 21      0
22 22      0
22 23      0
23  0      0
23  1      0
23  2      0
23  3      0
23  4      0
23  5      0
23  6      0
23  7      0
23  8      0
23  9      0
23 10      0
23 11      0
23 12      0
23 13      0
23 14      0
23 15      0
23 16      0
23 17      0
23 18      1
23 19      0
23 20      0
23 21      1
23 22      0
23 23      0
