# X range (from, step, n_bins) :
-180 15 24
# X range (from, step, n_bins) :
-180 15 24
# data:
 0  0      0
 0  1      1
 0  2      0
 0  3      0
 0  4      0
 0  5      0
 0  6      0
 0  7      0
 0  8      1
 0  9      0
 0 10      1
 0 11      0
 0 12      1
 0 13      0
 0 14      0
 0 15      0
 0 16      0
 0 17      0
 0 18      0
 0 19      2
 0 20      2
 0 21      7
 0 22     13
 0 23      2
 1  0      0
 1  1      0
 1  2      0
 1  3      0
 1  4      0
 1  5      0
 1  6      0
 1  7      0
 1  8      0
 1  9      0
 1 10      0
 1 11      0
 1 12      0
 1 13      0
 1 14      0
 1 15      0
 1 16      0
 1 17      0
 1 18      0
 1 19      5
 1 20     36
 1 21    312
 1 22    172
 1 23     13
 2  0     28
 2  1      3
 2  2      2
 2  3      1
 2  4      0
 2  5      0
 2  6      0
 2  7      7
 2  8      4
 2  9      6
 2 10     11
 2 11     10
 2 12      8
 2 13     18
 2 14      7
 2 15      5
 2 16      4
 2 17      8
 2 18     34
 2 19    174
 2 20   1003
 2 21   1558
 2 22   1172
 2 23    395
 3  0     31
 3  1      7
 3  2      2
 3  3      2
 3  4      1
 3  5      2
 3  6      8
 3  7     38
 3  8     95
 3  9     44
 3 10    102
 3 11    221
 3 12    161
 3 13    163
 3 14     66
 3 15     13
 3 16      7
 3 17     42
 3 18    214
 3 19   1490
 3 20   5335
 3 21   2940
 3 22   2081
 3 23    590
 4  0     16
 4  1      4
 4  2      3
 4  3      1
 4  4      0
 4  5      5
 4  6     12
 4  7     53
 4  8    209
 4  9    150
 4 10    244
 4 11    367
 4 12    309
 4 13    222
 4 14     28
 4 15      2
 4 16      2
 4 17     23
 4 18    255
 4 19   1926
 4 20   5047
 4 21   1546
 4 22    573
 4 23    152
 5  0     10
 5  1      4
 5  2      0
 5  3      0
 5  4      0
 5  5      1
 5  6     12
 5  7     51
 5  8    300
 5  9    259
 5 10    249
 5 11    326
 5 12    275
 5 13     51
 5 14      3
 5 15      3
 5 16     10
 5 17     43
 5 18    236
 5 19   1339
 5 20   2579
 5 21    697
 5 22    192
 5 23     71
 6  0      4
 6  1      2
 6  2      0
 6  3      0
 6  4      0
 6  5      0
 6  6      2
 6  7     32
 6  8    500
 6  9    666
 6 10    452
 6 11    346
 6 12     70
 6 13      2
 6 14      2
 6 15      2
 6 16     28
 6 17     80
 6 18    179
 6 19    868
 6 20   1881
 6 21    553
 6 22    207
 6 23     76
 7  0      2
 7  1      0
 7  2      0
 7  3      0
 7  4      0
 7  5      0
 7  6      0
 7  7     20
 7  8   4627
 7  9   9256
 7 10   1422
 7 11    267
 7 12      3
 7 13      0
 7 14      0
 7 15      0
 7 16      0
 7 17      1
 7 18      7
 7 19    157
 7 20   1451
 7 21    865
 7 22    268
 7 23     33
 8  0      0
 8  1      0
 8  2      0
 8  3      0
 8  4      0
 8  5      0
 8  6      0
 8  7      5
 8  8   2556
 8  9   2537
 8 10    273
 8 11      2
 8 12      0
 8 13      0
 8 14      0
 8 15      0
 8 16      0
 8 17      0
 8 18      2
 8 19     16
 8 20    478
 8 21    324
 8 22     26
 8 23      0
 9  0      0
 9  1      0
 9  2      0
 9  3      0
 9  4      0
 9  5      0
 9  6      0
 9  7      1
 9  8      9
 9  9      5
 9 10      0
 9 11      0
 9 12      0
 9 13      0
 9 14      0
 9 15      0
 9 16      0
 9 17      0
 9 18      0
 9 19      0
 9 20     13
 9 21      1
 9 22      0
 9 23      0
10  0      0
10  1      0
10  2      0
10  3      0
10  4      0
10  5      0
10  6      0
10  7      0
10  8      1
10  9      0
10 10      0
10 11      0
10 12      0
10 13      0
10 14      0
10 15      0
10 16      0
10 17      0
10 18      0
10 19      0
10 20      0
10 21      0
10 22      0
10 23      0
11  0      0
11  1      0
11  2      0
11  3      0
11  4      0
11  5      0
11  6      0
11  7      1
11  8      0
11  9      0
11 10      0
11 11      0
11 12      0
11 13      0
11 14      0
11 15      0
11 16      0
11 17      0
11 18      0
11 19      0
11 20      0
11 21      0
11 22      0
11 23      0
12  0      0
12  1      0
12  2      0
12  3      0
12  4      0
12  5      0
12  6      0
12  7      0
12  8      0
12  9      0
12 10      0
12 11      0
12 12      0
12 13      0
12 14      0
12 15      0
12 16      0
12 17      1
12 18      0
12 19      0
12 20      0
12 21      0
12 22      0
12 23      0
13  0      0
13  1      0
13  2      0
13  3      0
13  4      0
13  5      0
13  6      0
13  7      0
13  8      0
13  9      0
13 10      0
13 11      0
13 12      0
13 13      0
13 14      0
13 15      0
13 16      0
13 17      0
13 18      0
13 19      0
13 20      0
13 21      0
13 22      0
13 23      0
14  0      0
14  1      0
14  2      0
14  3      0
14  4      0
14  5      0
14  6      0
14  7      0
14  8      0
14  9      0
14 10      0
14 11      0
14 12      0
14 13      1
14 14      6
14 15     16
14 16      1
14 17      0
14 18      1
14 19      0
14 20      0
14 21      0
14 22      0
14 23      0
15  0      0
15  1      1
15  2      0
15  3      4
15  4      1
15  5      0
15  6      0
15  7      0
15  8      0
15  9      1
15 10      0
15 11      2
15 12      0
15 13      9
15 14     19
15 15     26
15 16      4
15 17      1
15 18      0
15 19      2
15 20      0
15 21      0
15 22      0
15 23      0
16  0      1
16  1      0
16  2      0
16  3      2
16  4      2
16  5      1
16  6      0
16  7      8
16  8     14
16  9      0
16 10      1
16 11      0
16 12      2
16 13      5
16 14      3
16 15      3
16 16      2
16 17      3
16 18      4
16 19      1
16 20      1
16 21      0
16 22      0
16 23      0
17  0      0
17  1      0
17  2      0
17  3      0
17  4      0
17  5      0
17  6      1
17  7      3
17  8      5
17  9      1
17 10      0
17 11      0
17 12      0
17 13      0
17 14      0
17 15      2
17 16      0
17 17      0
17 18      1
17 19      1
17 20      1
17 21      0
17 22      0
17 23      0
18  0      0
18  1      0
18  2      0
18  3      0
18  4      0
18  5      0
18  6      0
18  7      1
18  8      0
18  9      0
18 10      0
18 11      1
18 12      0
18 13      0
18 14      0
18 15      0
18 16      0
18 17      0
18 18      0
18 19      0
18 20      0
18 21      0
18 22      0
18 23      0
19  0      0
19  1      0
19  2      0
19  3      0
19  4      0
19  5      0
19  6      0
19  7      0
19  8      0
19  9      0
19 10      0
19 11      0
19 12      0
19 13      0
19 14      0
19 15      0
19 16      0
19 17      0
19 18      0
19 19      0
19 20      0
19 21      0
19 22      0
19 23      0
20  0      0
20  1      0
20  2      0
20  3      0
20  4      0
20  5      0
20  6      0
20  7      0
20  8      0
20  9      0
20 10      0
20 11      0
20 12      0
20 13      0
20 14      0
20 15      0
20 16      0
20 17      0
20 18      0
20 19      0
20 20      0
20 21      0
20 22      0
20 23      0
21  0      0
21  1      0
21  2      0
21  3      0
21  4      0
21  5      0
21  6      0
21  7      0
21  8      0
21  9      0
21 10      0
21 11      0
21 12      0
21 13      0
21 14      0
21 15      0
21 16      0
21 17      0
21 18      0
21 19      0
21 20      0
21 21      0
21 22      0
21 23      0
22  0      0
22  1      0
22  2      0
22  3      0
22  4      0
22  5      0
22  6      0
22  7      0
22  8      0
22  9      1
22 10      1
22 11      0
22 12      0
22 13      0
22 14      0
22 15      0
22 16      0
22 17      0
22 18      0
22 19      0
22 20      0
22 21      0
22 22      0
22 23      0
23  0      0
23  1      0
23  2      0
23  3      0
23  4      0
23  5      0
23  6      0
23  7      0
23  8      0
23  9      0
23 10      1
23 11      0
23 12      0
23 13      0
23 14      0
23 15      0
23 16      0
23 17      0
23 18      0
23 19      0
23 20      2
23 21      0
23 22      0
23 23      0
