# X range (from, step, n_bins) :
-180 15 24
# X range (from, step, n_bins) :
-180 15 24
# data:
 0  0      5
 0  1      1
 0  2      0
 0  3      0
 0  4      0
 0  5      0
 0  6      1
 0  7      0
 0  8      0
 0  9      0
 0 10      1
 0 11      0
 0 12      0
 0 13      0
 0 14      0
 0 15      0
 0 16      0
 0 17      0
 0 18      2
 0 19      3
 0 20      1
 0 21      9
 0 22     31
 0 23     28
 1  0     23
 1  1      6
 1  2      0
 1  3      0
 1  4      0
 1  5      1
 1  6      0
 1  7      1
 1  8      3
 1  9      1
 1 10      2
 1 11      0
 1 12      1
 1 13      1
 1 14      0
 1 15      0
 1 16      1
 1 17     10
 1 18     10
 1 19     20
 1 20     43
 1 21     82
 1 22    275
 1 23    209
 2  0      7
 2  1      5
 2  2      1
 2  3      0
 2  4      0
 2  5      0
 2  6      6
 2  7      1
 2  8      3
 2  9      1
 2 10      8
 2 11      8
 2 12      8
 2 13      4
 2 14      2
 2 15      3
 2 16      0
 2 17      2
 2 18     20
 2 19     53
 2 20    122
 2 21    212
 2 22    309
 2 23     74
 3  0      8
 3  1      3
 3  2      0
 3  3      0
 3  4      0
 3  5      1
 3  6      1
 3  7      3
 3  8      8
 3  9      9
 3 10     32
 3 11     30
 3 12     33
 3 13     11
 3 14      7
 3 15      9
 3 16      6
 3 17      4
 3 18     24
 3 19     95
 3 20    249
 3 21    416
 3 22    262
 3 23     39
 4  0      8
 4  1      2
 4  2      3
 4  3      2
 4  4      0
 4  5      7
 4  6      2
 4  7      8
 4  8     14
 4  9     25
 4 10     59
 4 11     75
 4 12     95
 4 13     91
 4 14     18
 4 15      6
 4 16      2
 4 17      9
 4 18     53
 4 19    166
 4 20    320
 4 21    365
 4 22    138
 4 23     32
 5  0      1
 5  1      7
 5  2      0
 5  3      0
 5  4      2
 5  5      1
 5  6      0
 5  7      6
 5  8     20
 5  9     41
 5 10     68
 5 11    184
 5 12    182
 5 13     56
 5 14      3
 5 15     14
 5 16     16
 5 17     25
 5 18     44
 5 19    155
 5 20    265
 5 21    274
 5 22    111
 5 23     21
 6  0      7
 6  1      0
 6  2      1
 6  3      0
 6  4      0
 6  5      0
 6  6      0
 6  7      5
 6  8     43
 6  9    149
 6 10    195
 6 11    297
 6 12     77
 6 13      2
 6 14      3
 6 15      8
 6 16     50
 6 17     38
 6 18     41
 6 19    119
 6 20    282
 6 21    325
 6 22    131
 6 23     31
 7  0      2
 7  1      1
 7  2      0
 7  3      0
 7  4      0
 7  5      0
 7  6      0
 7  7     10
 7  8    872
 7  9   2007
 7 10    655
 7 11    180
 7 12      6
 7 13      0
 7 14      0
 7 15      0
 7 16      1
 7 17      1
 7 18      4
 7 19     36
 7 20    229
 7 21    354
 7 22    100
 7 23     15
 8  0      0
 8  1      0
 8  2      0
 8  3      0
 8  4      0
 8  5      0
 8  6      0
 8  7     10
 8  8    798
 8  9    780
 8 10    132
 8 11      5
 8 12      0
 8 13      0
 8 14      0
 8 15      0
 8 16      0
 8 17      0
 8 18      0
 8 19      7
 8 20    119
 8 21    130
 8 22     14
 8 23      0
 9  0      0
 9  1      0
 9  2      0
 9  3      0
 9  4      0
 9  5      0
 9  6      0
 9  7      0
 9  8     13
 9  9      1
 9 10      0
 9 11      0
 9 12      0
 9 13      0
 9 14      0
 9 15      0
 9 16      0
 9 17      0
 9 18      0
 9 19      1
 9 20     10
 9 21      1
 9 22      0
 9 23      0
10  0      0
10  1      0
10  2      0
10  3      0
10  4      0
10  5      0
10  6      0
10  7      0
10  8      1
10  9      0
10 10      0
10 11      0
10 12      0
10 13      0
10 14      0
10 15      0
10 16      0
10 17      0
10 18      0
10 19      1
10 20      0
10 21      0
10 22      0
10 23      0
11  0      0
11  1      0
11  2      0
11  3      0
11  4      0
11  5      0
11  6      0
11  7      0
11  8      1
11  9      0
11 10      0
11 11      0
11 12      0
11 13      0
11 14      0
11 15      0
11 16      0
11 17      0
11 18      0
11 19      0
11 20      0
11 21      0
11 22      0
11 23      0
12  0      0
12  1      0
12  2      0
12  3      0
12  4      0
12  5      0
12  6      0
12  7      0
12  8      0
12  9      0
12 10      0
12 11      0
12 12      0
12 13      0
12 14      0
12 15      0
12 16      0
12 17      0
12 18      0
12 19      0
12 20      0
12 21      0
12 22      0
12 23      0
13  0      0
13  1      0
13  2      0
13  3      0
13  4      0
13  5      0
13  6      0
13  7      0
13  8      0
13  9      0
13 10      0
13 11      0
13 12      0
13 13      0
13 14      0
13 15      0
13 16      0
13 17      0
13 18      0
13 19      0
13 20      0
13 21      0
13 22      0
13 23      0
14  0      0
14  1      0
14  2      0
14  3      2
14  4      1
14  5      0
14  6      0
14  7      0
14  8      0
14  9      0
14 10      0
14 11      0
14 12      0
14 13      0
14 14      0
14 15      2
14 16      2
14 17      0
14 18      0
14 19      0
14 20      0
14 21      0
14 22      0
14 23      0
15  0      0
15  1      0
15  2      4
15  3     14
15  4      2
15  5      0
15  6      0
15  7      0
15  8      0
15  9      0
15 10      0
15 11      0
15 12      3
15 13     14
15 14     45
15 15     29
15 16      5
15 17      1
15 18      0
15 19      0
15 20      0
15 21      0
15 22      0
15 23      0
16  0      0
16  1      1
16  2      1
16  3      1
16  4      1
16  5      1
16  6      1
16  7      1
16  8      1
16  9      4
16 10      1
16 11      2
16 12     21
16 13     34
16 14     14
16 15      3
16 16      2
16 17      0
16 18      0
16 19      0
16 20      0
16 21      1
16 22      0
16 23      0
17  0      0
17  1      0
17  2      1
17  3      0
17  4      0
17  5      0
17  6      0
17  7      2
17  8      0
17  9      0
17 10      1
17 11      5
17 12      8
17 13      3
17 14      0
17 15      0
17 16      0
17 17      0
17 18      0
17 19      0
17 20      1
17 21      2
17 22      0
17 23      0
18  0      0
18  1      0
18  2      0
18  3      0
18  4      0
18  5      0
18  6      0
18  7      0
18  8      0
18  9      0
18 10      0
18 11      5
18 12      0
18 13      0
18 14      0
18 15      0
18 16      0
18 17      0
18 18      0
18 19      0
18 20      0
18 21      0
18 22      0
18 23      0
19  0      0
19  1      0
19  2      0
19  3      0
19  4      0
19  5      0
19  6      0
19  7      0
19  8      0
19  9      0
19 10      0
19 11      1
19 12      0
19 13      0
19 14      0
19 15      0
19 16      0
19 17      0
19 18      1
19 19      0
19 20      0
19 21      0
19 22      0
19 23      0
20  0      0
20  1      0
20  2      0
20  3      0
20  4      0
20  5      0
20  6      0
20  7      0
20  8      0
20  9      0
20 10      0
20 11      0
20 12      0
20 13      0
20 14      0
20 15      0
20 16      0
20 17      0
20 18      0
20 19      0
20 20      0
20 21      0
20 22      0
20 23      0
21  0      0
21  1      0
21  2      0
21  3      0
21  4      0
21  5      0
21  6      0
21  7      0
21  8      0
21  9      0
21 10      0
21 11      0
21 12      0
21 13      0
21 14      0
21 15      0
21 16      0
21 17      0
21 18      0
21 19      0
21 20      0
21 21      0
21 22      0
21 23      0
22  0      0
22  1      0
22  2      0
22  3      0
22  4      0
22  5      0
22  6      0
22  7      0
22  8      0
22  9      0
22 10      0
22 11      0
22 12      0
22 13      0
22 14      0
22 15      0
22 16      0
22 17      0
22 18      0
22 19      0
22 20      0
22 21      0
22 22      0
22 23      0
23  0      0
23  1      0
23  2      0
23  3      0
23  4      0
23  5      0
23  6      0
23  7      0
23  8      0
23  9      1
23 10      0
23 11      0
23 12      0
23 13      0
23 14      0
23 15      0
23 16      0
23 17      0
23 18      0
23 19      0
23 20      0
23 21      0
23 22      0
23 23      1
