# X range (from, step, n_bins) :
-180 15 24
# X range (from, step, n_bins) :
-180 15 24
# data:
 0  0      8
 0  1      0
 0  2      0
 0  3      0
 0  4      0
 0  5      0
 0  6      0
 0  7      0
 0  8      0
 0  9      0
 0 10      0
 0 11      0
 0 12      0
 0 13      0
 0 14      0
 0 15      0
 0 16      0
 0 17      0
 0 18      0
 0 19      4
 0 20      7
 0 21     30
 0 22     84
 0 23    104
 1  0     30
 1  1      4
 1  2      3
 1  3      0
 1  4      0
 1  5      1
 1  6      0
 1  7      1
 1  8      1
 1  9      1
 1 10      4
 1 11      2
 1 12      1
 1 13      3
 1 14      5
 1 15      2
 1 16      2
 1 17      9
 1 18     17
 1 19     56
 1 20    138
 1 21    231
 1 22    738
 1 23    382
 2  0     15
 2  1      3
 2  2      1
 2  3      0
 2  4      0
 2  5      0
 2  6      4
 2  7      4
 2  8     12
 2  9      7
 2 10     18
 2 11     20
 2 12     26
 2 13     26
 2 14     22
 2 15      9
 2 16      9
 2 17     22
 2 18     25
 2 19    118
 2 20    410
 2 21    588
 2 22   1058
 2 23    258
 3  0     19
 3  1      8
 3  2      3
 3  3      3
 3  4      4
 3  5      3
 3  6      3
 3  7     19
 3  8     34
 3  9     47
 3 10     79
 3 11    166
 3 12    116
 3 13    114
 3 14     43
 3 15     21
 3 16     23
 3 17     27
 3 18     86
 3 19    309
 3 20    798
 3 21   1308
 3 22    900
 3 23    171
 4  0      9
 4  1      4
 4  2      6
 4  3      3
 4  4      5
 4  5      6
 4  6      4
 4  7     14
 4  8     53
 4  9     91
 4 10    197
 4 11    296
 4 12    434
 4 13    242
 4 14     65
 4 15     16
 4 16     13
 4 17     23
 4 18    105
 4 19    436
 4 20    942
 4 21    950
 4 22    459
 4 23     95
 5  0     16
 5  1      3
 5  2      2
 5  3      2
 5  4      5
 5  5      4
 5  6      2
 5  7     11
 5  8     72
 5  9    134
 5 10    198
 5 11    475
 5 12    619
 5 13    140
 5 14     22
 5 15     14
 5 16     24
 5 17     44
 5 18    107
 5 19    344
 5 20    680
 5 21    602
 5 22    273
 5 23     75
 6  0     16
 6  1      4
 6  2      0
 6  3      1
 6  4      0
 6  5      1
 6  6      2
 6  7     19
 6  8    107
 6  9    347
 6 10    410
 6 11    526
 6 12    159
 6 13      7
 6 14      2
 6 15     12
 6 16     69
 6 17     80
 6 18     75
 6 19    221
 6 20    504
 6 21    512
 6 22    278
 6 23     78
 7  0      3
 7  1      0
 7  2      0
 7  3      0
 7  4      0
 7  5      0
 7  6      0
 7  7     13
 7  8   2154
 7  9   3635
 7 10    929
 7 11    199
 7 12      4
 7 13      1
 7 14      0
 7 15      0
 7 16      1
 7 17      0
 7 18      6
 7 19     65
 7 20    498
 7 21    600
 7 22    235
 7 23     39
 8  0      0
 8  1      0
 8  2      0
 8  3      0
 8  4      0
 8  5      0
 8  6      0
 8  7     15
 8  8   2245
 8  9   1411
 8 10    166
 8 11      2
 8 12      0
 8 13      0
 8 14      0
 8 15      0
 8 16      0
 8 17      0
 8 18      0
 8 19     18
 8 20    306
 8 21    253
 8 22     33
 8 23      2
 9  0      0
 9  1      0
 9  2      0
 9  3      0
 9  4      0
 9  5      0
 9  6      1
 9  7      6
 9  8     30
 9  9      6
 9 10      1
 9 11      0
 9 12      0
 9 13      0
 9 14      0
 9 15      0
 9 16      0
 9 17      0
 9 18      0
 9 19      2
 9 20      9
 9 21      6
 9 22      0
 9 23      0
10  0      0
10  1      0
10  2      0
10  3      0
10  4      0
10  5      0
10  6      0
10  7      0
10  8      0
10  9      0
10 10      0
10 11      0
10 12      0
10 13      0
10 14      0
10 15      0
10 16      1
10 17      0
10 18      1
10 19      1
10 20      0
10 21      0
10 22      0
10 23      1
11  0      0
11  1      0
11  2      0
11  3      0
11  4      0
11  5      0
11  6      0
11  7      0
11  8      0
11  9      0
11 10      0
11 11      0
11 12      0
11 13      0
11 14      0
11 15      0
11 16      0
11 17      0
11 18      1
11 19      0
11 20      0
11 21      0
11 22      0
11 23      0
12  0      0
12  1      0
12  2      0
12  3      0
12  4      0
12  5      0
12  6      0
12  7      0
12  8      0
12  9      0
12 10      0
12 11      0
12 12      0
12 13      0
12 14      0
12 15      0
12 16      0
12 17      0
12 18      0
12 19      0
12 20      0
12 21      0
12 22      0
12 23      0
13  0      0
13  1      0
13  2      0
13  3      0
13  4      0
13  5      0
13  6      0
13  7      0
13  8      0
13  9      0
13 10      0
13 11      0
13 12      0
13 13      0
13 14      0
13 15      0
13 16      1
13 17      0
13 18      0
13 19      0
13 20      0
13 21      0
13 22      0
13 23      0
14  0      0
14  1      0
14  2      0
14  3      0
14  4      0
14  5      0
14  6      0
14  7      0
14  8      0
14  9      0
14 10      0
14 11      0
14 12      0
14 13      0
14 14      2
14 15     10
14 16      2
14 17      1
14 18      1
14 19      0
14 20      0
14 21      0
14 22      0
14 23      0
15  0      0
15  1      1
15  2      7
15  3     14
15  4      7
15  5      1
15  6      0
15  7      0
15  8      0
15  9      0
15 10      0
15 11      0
15 12      2
15 13     33
15 14    160
15 15     73
15 16      5
15 17      1
15 18      0
15 19      0
15 20      0
15 21      0
15 22      0
15 23      0
16  0      4
16  1      1
16  2      4
16  3      1
16  4      2
16  5      2
16  6      0
16  7      6
16  8      7
16  9     14
16 10      4
16 11     13
16 12     58
16 13    128
16 14     42
16 15     12
16 16      7
16 17      3
16 18      0
16 19      0
16 20      0
16 21      1
16 22      1
16 23      4
17  0      0
17  1      1
17  2      0
17  3      0
17  4      0
17  5      0
17  6      2
17  7      0
17  8      4
17  9      2
17 10      2
17 11     15
17 12     13
17 13      2
17 14      0
17 15      0
17 16      1
17 17      0
17 18      0
17 19      0
17 20      0
17 21      0
17 22      2
17 23      0
18  0      0
18  1      0
18  2      0
18  3      0
18  4      0
18  5      0
18  6      0
18  7      0
18  8      1
18  9      0
18 10      0
18 11      0
18 12      0
18 13      0
18 14      0
18 15      0
18 16      0
18 17      0
18 18      0
18 19      0
18 20      0
18 21      0
18 22      0
18 23      0
19  0      0
19  1      0
19  2      0
19  3      0
19  4      0
19  5      0
19  6      0
19  7      0
19  8      0
19  9      0
19 10      0
19 11      0
19 12      0
19 13      0
19 14      0
19 15      0
19 16      0
19 17      0
19 18      0
19 19      0
19 20      0
19 21      0
19 22      0
19 23      0
20  0      0
20  1      0
20  2      0
20  3      0
20  4      0
20  5      0
20  6      0
20  7      0
20  8      0
20  9      0
20 10      0
20 11      0
20 12      0
20 13      0
20 14      0
20 15      0
20 16      0
20 17      0
20 18      0
20 19      0
20 20      0
20 21      0
20 22      0
20 23      0
21  0      0
21  1      0
21  2      0
21  3      0
21  4      0
21  5      0
21  6      0
21  7      0
21  8      0
21  9      0
21 10      0
21 11      1
21 12      0
21 13      0
21 14      0
21 15      0
21 16      0
21 17      0
21 18      0
21 19      0
21 20      0
21 21      0
21 22      0
21 23      0
22  0      0
22  1      0
22  2      0
22  3      0
22  4      0
22  5      0
22  6      0
22  7      0
22  8      0
22  9      0
22 10      0
22 11      0
22 12      0
22 13      0
22 14      0
22 15      0
22 16      0
22 17      0
22 18      0
22 19      0
22 20      2
22 21      0
22 22      0
22 23      0
23  0      0
23  1      0
23  2      0
23  3      0
23  4      0
23  5      0
23  6      0
23  7      0
23  8      0
23  9      0
23 10      0
23 11      0
23 12      0
23 13      0
23 14      0
23 15      0
23 16      0
23 17      0
23 18      0
23 19      1
23 20      0
23 21      0
23 22      0
23 23      1
